nohup: ignoring input
cumulative prob for sub network 1
tuple
(0, 0, 0)          0.30
(108, 144, 72)     0.32
(315, 144, 72)     0.36
(108, 144, 210)    0.38
(108, 420, 72)     0.40
(108, 600, 72)     0.42
(315, 420, 72)     0.48
(315, 144, 210)    0.48
(315, 144, 300)    0.52
(108, 420, 210)    0.52
(450, 420, 72)     0.52
(108, 420, 300)    0.54
(108, 600, 210)    0.56
(450, 600, 72)     0.56
(315, 420, 210)    0.72
(450, 420, 210)    0.78
(315, 600, 210)    0.80
(315, 420, 300)    0.82
(450, 420, 300)    0.90
Name: cum_prob, dtype: float64
cumulative prob for sub network 2
tuple
(0, 0, 0, 0)             0.16
(90, 300, 300, 90)       0.18
(240, 300, 800, 90)      0.20
(90, 800, 300, 90)       0.20
(90, 1000, 800, 90)      0.22
(240, 800, 300, 90)      0.22
(90, 300, 300, 240)      0.22
(90, 300, 800, 240)      0.24
(240, 300, 300, 240)     0.24
(300, 300, 300, 90)      0.24
(90, 300, 800, 300)      0.26
(90, 800, 300, 240)      0.26
(90, 300, 1000, 240)     0.26
(90, 1000, 300, 240)     0.28
(240, 300, 300, 300)     0.28
(240, 800, 1000, 90)     0.28
(300, 800, 800, 90)      0.32
(240, 300, 1000, 240)    0.32
(240, 1000, 1000, 90)    0.34
(240, 800, 300, 240)     0.36
(300, 300, 800, 240)     0.38
(300, 800, 300, 300)     0.48
(240, 800, 800, 240)     0.48
(240, 800, 800, 300)     0.58
(300, 800, 800, 240)     0.64
(240, 1000, 800, 300)    0.64
(300, 800, 800, 300)     0.78
(300, 1000, 800, 300)    0.86
(300, 800, 1000, 300)    0.88
Name: cum_prob, dtype: float64
cumulative prob for sub network 3
tuple
(0, 0.0, 0, 0, 0)              0.04
(120, 90.0, 120, 210, 420)     0.06
(120, 90.0, 210, 120, 240)     0.06
(120, 157.5, 120, 210, 240)    0.06
(210, 157.5, 120, 120, 240)    0.06
(210, 90.0, 120, 120, 420)     0.06
(120, 90.0, 210, 210, 240)     0.08
(210, 225.0, 120, 120, 240)    0.08
(120, 157.5, 120, 120, 420)    0.08
(120, 90.0, 300, 120, 420)     0.10
(120, 157.5, 210, 120, 240)    0.10
(210, 90.0, 120, 210, 420)     0.10
(120, 225.0, 120, 120, 600)    0.10
(210, 157.5, 120, 300, 240)    0.12
(120, 225.0, 300, 120, 240)    0.12
(210, 90.0, 210, 120, 240)     0.12
(120, 90.0, 210, 210, 600)     0.12
(120, 157.5, 120, 210, 420)    0.14
(300, 225.0, 120, 300, 240)    0.16
(120, 157.5, 210, 120, 420)    0.16
(120, 157.5, 210, 300, 240)    0.18
(120, 225.0, 210, 120, 420)    0.18
(120, 157.5, 210, 120, 600)    0.20
(300, 90.0, 300, 120, 420)     0.20
(300, 225.0, 210, 120, 240)    0.22
(210, 90.0, 210, 300, 420)     0.22
(300, 90.0, 210, 210, 420)     0.24
(210, 225.0, 300, 120, 240)    0.24
(210, 225.0, 120, 210, 420)    0.24
(210, 157.5, 300, 210, 240)    0.24
(300, 90.0, 210, 210, 600)     0.28
(210, 225.0, 120, 210, 600)    0.28
(210, 90.0, 300, 300, 600)     0.30
(120, 157.5, 210, 210, 600)    0.32
(210, 225.0, 210, 120, 420)    0.34
(300, 225.0, 210, 120, 600)    0.44
(210, 157.5, 210, 210, 600)    0.46
(210, 225.0, 210, 210, 600)    0.62
(300, 157.5, 210, 300, 600)    0.64
Name: cum_prob, dtype: float64
cumulative prob for sub network 4
tuple
(0, 0, 0, 0)            0.02
(300, 120, 120, 180)    0.04
(210, 120, 210, 180)    0.04
(120, 210, 210, 180)    0.04
(210, 210, 120, 180)    0.04
(120, 120, 300, 180)    0.04
(120, 210, 300, 180)    0.08
(120, 120, 120, 315)    0.08
(300, 210, 120, 180)    0.10
(120, 300, 300, 180)    0.10
(300, 120, 120, 450)    0.12
(120, 120, 210, 315)    0.12
(120, 210, 120, 315)    0.14
(210, 210, 210, 180)    0.14
(120, 120, 300, 315)    0.16
(120, 210, 120, 450)    0.16
(210, 300, 210, 180)    0.16
(210, 120, 210, 315)    0.18
(210, 120, 210, 450)    0.20
(210, 210, 120, 315)    0.20
(210, 300, 120, 315)    0.22
(210, 120, 300, 315)    0.24
(120, 210, 210, 450)    0.24
(120, 300, 210, 315)    0.24
(300, 120, 210, 450)    0.26
(210, 300, 120, 450)    0.26
(300, 210, 300, 180)    0.28
(300, 210, 120, 315)    0.28
(120, 210, 300, 315)    0.30
(120, 210, 300, 450)    0.36
(210, 210, 210, 315)    0.40
(210, 210, 210, 450)    0.48
(210, 210, 300, 315)    0.54
(300, 300, 210, 315)    0.58
(300, 210, 210, 450)    0.62
(210, 210, 300, 450)    0.66
(300, 210, 300, 315)    0.68
Name: cum_prob, dtype: float64
cumulative prob for sub network 5
tuple
(0, 0, 0, 0)            0.32
(108, 108, 108, 450)    0.34
(108, 108, 315, 315)    0.34
(108, 315, 108, 108)    0.34
(450, 108, 108, 108)    0.34
(315, 108, 108, 315)    0.34
(450, 108, 315, 108)    0.36
(108, 450, 108, 108)    0.36
(315, 315, 108, 108)    0.36
(108, 315, 108, 315)    0.38
(450, 108, 108, 315)    0.38
(315, 450, 108, 108)    0.40
(108, 450, 315, 108)    0.40
(315, 108, 315, 450)    0.42
(450, 315, 315, 108)    0.42
(108, 315, 315, 315)    0.44
(450, 315, 450, 108)    0.44
(315, 315, 108, 315)    0.44
(108, 315, 108, 450)    0.46
(108, 450, 108, 315)    0.46
(108, 315, 450, 315)    0.46
(315, 450, 315, 108)    0.46
(315, 315, 315, 315)    0.52
(450, 315, 315, 315)    0.62
(315, 315, 450, 450)    0.68
(450, 315, 450, 315)    0.68
(450, 450, 315, 315)    0.80
Name: cum_prob, dtype: float64
cumulative prob for sub network 6
tuple
(0, 0, 0)            0.14
(108, 504, 504)      0.20
(108, 1890, 504)     0.22
(405, 504, 504)      0.24
(450, 504, 504)      0.26
(108, 504, 1890)     0.28
(108, 504, 2100)     0.30
(405, 1890, 504)     0.34
(108, 1890, 1890)    0.36
(405, 2100, 504)     0.36
(108, 1890, 2100)    0.40
(108, 2100, 2100)    0.42
(405, 504, 1890)     0.42
(405, 504, 2100)     0.46
(450, 504, 1890)     0.48
(450, 504, 2100)     0.54
(405, 1890, 1890)    0.64
(405, 2100, 1890)    0.68
(405, 1890, 2100)    0.80
(405, 2100, 2100)    0.88
(450, 1890, 2100)    0.92
Name: cum_prob, dtype: float64
cumulative prob for sub network 7
tuple
(0, 0, 0, 0, 0)               0.04
(90, 90, 90, 180, 300)        0.06
(90, 90, 90, 180, 1000)       0.08
(90, 90, 90, 600, 300)        0.08
(90, 90, 210, 180, 800)       0.08
(90, 210, 90, 180, 300)       0.08
(210, 90, 90, 180, 300)       0.08
(90, 90, 90, 480, 1000)       0.10
(90, 90, 300, 180, 800)       0.10
(90, 210, 90, 180, 800)       0.10
(210, 90, 210, 180, 300)      0.10
(210, 90, 90, 180, 800)       0.10
(300, 90, 90, 180, 800)       0.12
(210, 210, 90, 180, 300)      0.12
(210, 90, 300, 180, 300)      0.12
(90, 300, 90, 180, 800)       0.12
(210, 90, 90, 480, 800)       0.12
(90, 210, 90, 480, 800)       0.12
(90, 210, 90, 180, 1000)      0.14
(210, 90, 210, 600, 300)      0.14
(210, 300, 90, 480, 300)      0.14
(90, 210, 210, 480, 800)      0.16
(90, 210, 90, 600, 800)       0.16
(210, 90, 300, 480, 300)      0.16
(90, 210, 300, 180, 800)      0.16
(90, 210, 210, 180, 1000)     0.18
(210, 300, 210, 480, 300)     0.18
(210, 90, 210, 480, 800)      0.18
(210, 210, 90, 180, 800)      0.20
(90, 300, 90, 600, 800)       0.20
(90, 210, 90, 480, 1000)      0.20
(90, 210, 300, 600, 800)      0.26
(210, 210, 210, 180, 800)     0.30
(210, 90, 300, 600, 800)      0.32
(90, 210, 210, 600, 1000)     0.32
(210, 300, 90, 600, 800)      0.36
(210, 210, 300, 180, 800)     0.38
(210, 300, 90, 480, 1000)     0.38
(210, 210, 210, 480, 800)     0.40
(300, 210, 210, 180, 1000)    0.40
(300, 210, 210, 480, 800)     0.44
(210, 210, 210, 600, 800)     0.48
(210, 210, 300, 480, 800)     0.54
(210, 300, 300, 480, 800)     0.62
(300, 300, 300, 480, 800)     0.68
Name: cum_prob, dtype: float64
cumulative prob for sub network 8
tuple
(0, 0, 0)           0.02
(300, 420, 120)     0.16
(600, 420, 120)     0.18
(300, 420, 240)     0.20
(300, 420, 300)     0.22
(300, 840, 120)     0.22
(750, 420, 120)     0.22
(600, 420, 240)     0.30
(300, 840, 240)     0.32
(600, 420, 300)     0.34
(300, 1050, 240)    0.34
(600, 840, 120)     0.36
(750, 420, 240)     0.40
(750, 840, 120)     0.42
(750, 1050, 120)    0.44
(600, 840, 240)     0.66
(600, 1050, 240)    0.72
(600, 1050, 300)    0.78
(750, 840, 240)     0.86
Name: cum_prob, dtype: float64
Set parameter Username
Academic license - for non-commercial use only - expires 2025-12-28
Set parameter TimeLimit to value 172800
Set parameter Threads to value 1
Set parameter LogFile to value "mps"
Gurobi Optimizer version 11.0.1 build v11.0.1rc0 (linux64 - "CentOS Linux 7 (Core)")

CPU model: Intel(R) Core(TM) i7-8700 CPU @ 3.20GHz, instruction set [SSE2|AVX|AVX2]
Thread count: 6 physical cores, 12 logical processors, using up to 1 threads

Optimize a model with 71172 rows, 18278 columns and 160787 nonzeros
Model fingerprint: 0xd4d476a1
Variable types: 17026 continuous, 1252 integer (1244 binary)
Coefficient statistics:
  Matrix range     [2e-04, 2e+03]
  Objective range  [1e+00, 1e+00]
  Bounds range     [1e+00, 1e+00]
  RHS range        [9e-01, 5e+03]
Presolve removed 22742 rows and 1727 columns
Presolve time: 0.33s
Presolved: 48430 rows, 16551 columns, 129811 nonzeros
Variable types: 15363 continuous, 1188 integer (1157 binary)
Found heuristic solution: objective 18075.000000

Use crossover to convert LP symmetric solution to basic solution...

Root relaxation: objective 1.190740e+04, 10818 iterations, 0.75 seconds (1.62 work units)

    Nodes    |    Current Node    |     Objective Bounds      |     Work
 Expl Unexpl |  Obj  Depth IntInf | Incumbent    BestBd   Gap | It/Node Time

     0     0 11907.3991    0  416 18075.0000 11907.3991  34.1%     -    1s
H    0     0                    17130.000000 11907.3991  30.5%     -    1s
     0     0 13074.5762    0  473 17130.0000 13074.5762  23.7%     -    2s
     0     0 13083.2424    0  474 17130.0000 13083.2424  23.6%     -    2s
H    0     0                    17050.000000 13083.2424  23.3%     -    4s
     0     0 13135.2932    0  470 17050.0000 13135.2932  23.0%     -    4s
     0     0 13136.1251    0  470 17050.0000 13136.1251  23.0%     -    4s
     0     0 13136.9125    0  470 17050.0000 13136.9125  23.0%     -    4s
     0     0 13170.2886    0  464 17050.0000 13170.2886  22.8%     -    4s
     0     0 13179.3313    0  464 17050.0000 13179.3313  22.7%     -    4s
     0     0 13179.5053    0  465 17050.0000 13179.5053  22.7%     -    4s
     0     0 13486.6579    0  461 17050.0000 13486.6579  20.9%     -    4s
     0     0 13507.3028    0  460 17050.0000 13507.3028  20.8%     -    4s
     0     0 13599.6213    0  454 17050.0000 13599.6213  20.2%     -    5s
     0     0 13613.8416    0  457 17050.0000 13613.8416  20.2%     -    5s
     0     0 13614.4638    0  458 17050.0000 13614.4638  20.1%     -    5s
     0     0 13614.4638    0  458 17050.0000 13614.4638  20.1%     -    5s
     0     0 13758.4950    0  435 17050.0000 13758.4950  19.3%     -    5s
     0     0 13778.5134    0  426 17050.0000 13778.5134  19.2%     -    6s
     0     0 13780.7645    0  422 17050.0000 13780.7645  19.2%     -    6s
     0     0 13782.1730    0  415 17050.0000 13782.1730  19.2%     -    6s
     0     0 13782.1882    0  432 17050.0000 13782.1882  19.2%     -    6s
     0     0 13823.2152    0  430 17050.0000 13823.2152  18.9%     -    6s
     0     0 13823.2152    0  430 17050.0000 13823.2152  18.9%     -    6s
     0     0 13838.8078    0  450 17050.0000 13838.8078  18.8%     -    8s
     0     0 13846.7539    0  443 17050.0000 13846.7539  18.8%     -    8s
     0     0 13846.9142    0  440 17050.0000 13846.9142  18.8%     -    8s
     0     0 13876.7211    0  441 17050.0000 13876.7211  18.6%     -    8s
     0     0 13884.2973    0  439 17050.0000 13884.2973  18.6%     -    8s
     0     0 13884.2973    0  464 17050.0000 13884.2973  18.6%     -    8s
     0     0 13884.2973    0  464 17050.0000 13884.2973  18.6%     -    8s
     0     0 13884.2973    0  464 17050.0000 13884.2973  18.6%     -    8s
     0     0 13892.0533    0  429 17050.0000 13892.0533  18.5%     -    8s
     0     0 13892.0533    0  429 17050.0000 13892.0533  18.5%     -    9s
     0     0 13894.0900    0  475 17050.0000 13894.0900  18.5%     -    9s
     0     0 13894.0900    0  458 17050.0000 13894.0900  18.5%     -    9s
     0     0 13899.3730    0  433 17050.0000 13899.3730  18.5%     -    9s
     0     0 13900.4252    0  410 17050.0000 13900.4252  18.5%     -    9s
     0     0 13900.4252    0  413 17050.0000 13900.4252  18.5%     -    9s
     0     0 13900.4451    0  447 17050.0000 13900.4451  18.5%     -    9s
     0     0 13903.6185    0  433 17050.0000 13903.6185  18.5%     -    9s
     0     0 13903.6185    0  446 17050.0000 13903.6185  18.5%     -    9s
     0     0 13903.8671    0  421 17050.0000 13903.8671  18.5%     -   10s
     0     0 13904.6786    0  426 17050.0000 13904.6786  18.4%     -   10s
     0     0 13904.6786    0  443 17050.0000 13904.6786  18.4%     -   10s
     0     0 13904.6786    0  448 17050.0000 13904.6786  18.4%     -   10s
     0     0 13907.2174    0  413 17050.0000 13907.2174  18.4%     -   10s
     0     0 13956.1655    0  412 17050.0000 13956.1655  18.1%     -   11s
     0     0 13991.9712    0  407 17050.0000 13991.9712  17.9%     -   11s
     0     2 14021.4693    0  407 17050.0000 14021.4693  17.8%     -   12s
    23    13 15061.5370   20  368 17050.0000 14143.0964  17.0%   109   15s
    75    37 16316.1296   65  307 17050.0000 14143.0964  17.0%  75.3   20s
   136    55 14374.3630    9  387 17050.0000 14269.3759  16.3%  57.9   25s
   221   113 15239.7934   14  347 17050.0000 14300.9729  16.1%  78.8   30s
   315   179 15677.2649   27  360 17050.0000 14312.5521  16.1%  84.1   35s
H  403   243                    16980.000000 14419.3630  15.1%  88.1   39s
   419   258 16583.6866   48  217 16980.0000 14419.3630  15.1%  94.5   40s
   564   364 15612.5307   30  260 16980.0000 14464.1562  14.8%  99.3   45s
   650   429 16745.0350  100  407 16980.0000 14469.9504  14.8%  94.6   51s
   654   432 16001.6734   38  374 16980.0000 14769.2982  13.0%  94.0   56s
   665   439 15631.4855   37  413 16980.0000 15020.3270  11.5%  92.5   60s
   678   448 15177.1173   15  430 16980.0000 15177.1173  10.6%  90.7   65s
   684   452 15207.3131   11  495 16980.0000 15207.3131  10.4%  89.9   74s
   685   454 15212.0732   10  464 16980.0000 15207.3131  10.4%   127   76s
   711   463 16109.4272   27  306 16980.0000 15213.8586  10.4%   134   80s
H  736   445                    16912.500000 15213.8586  10.0%   134   83s
H  738   425                    16890.000000 15213.8586  9.92%   134   83s
   755   424 15291.6877   12  380 16890.0000 15216.5402  9.91%   134   85s
   778   432 16031.9445   23  338 16890.0000 15216.5402  9.91%   139   90s
   816   438 15830.0567   15  274 16890.0000 15254.5157  9.68%   144   95s
   855   451 16291.4767   40  141 16890.0000 15254.5157  9.68%   143  100s
   871   455 16488.7110   49  146 16890.0000 15254.5157  9.68%   147  105s
   907   467 16428.1653   28  183 16890.0000 15259.7702  9.65%   160  110s
   993   475 15980.0704   18  284 16890.0000 15262.8623  9.63%   160  116s
  1018   481 16210.1830   32  219 16890.0000 15262.8623  9.63%   170  120s
  1083   505     cutoff   24      16890.0000 15266.5688  9.61%   173  125s
  1139   524 15980.4767   20  268 16890.0000 15267.4530  9.61%   178  130s
  1193   550 16860.0179   47  138 16890.0000 15267.4530  9.61%   183  136s
  1238   553 16584.5153   24  226 16890.0000 15272.6341  9.58%   188  140s
  1279   559 15458.5088   15  355 16890.0000 15291.6877  9.46%   191  145s
  1329   583 16654.2135   55   87 16890.0000 15291.6877  9.46%   195  150s
  1381   612 16635.1577   45  156 16890.0000 15291.6877  9.46%   198  155s
  1494   653 15319.5429   14  385 16890.0000 15319.5429  9.30%   193  160s
  1561   685 15769.1012   22  342 16890.0000 15338.2510  9.19%   193  165s
  1651   725 16244.3132   34  253 16890.0000 15344.8931  9.15%   191  170s
  1732   769 16807.4078   53  151 16890.0000 15355.4850  9.09%   192  175s
  1800   787 15437.2647   16  360 16890.0000 15421.6530  8.69%   194  180s
  1855   808 15472.9417   17  349 16890.0000 15438.3917  8.59%   195  185s
  1898   831 16086.3934   38  217 16890.0000 15438.3917  8.59%   201  190s
  1976   883 16205.7985   29  238 16890.0000 15450.5731  8.52%   203  195s
  2022   919 15990.7203   22  256 16890.0000 15452.3386  8.51%   203  200s
  2127  1001 15589.7061   19  340 16890.0000 15458.7457  8.47%   200  205s
  2216  1055 16435.5127   25  197 16890.0000 15462.3105  8.45%   200  210s
  2290  1105 16149.0719   30  233 16890.0000 15462.8439  8.45%   201  215s
  2369  1160 16536.2463   46   66 16890.0000 15463.0489  8.45%   201  220s
  2456  1224 16304.2627   34  193 16890.0000 15471.8149  8.40%   200  225s
  2545  1294 15721.9690   21  286 16890.0000 15473.4518  8.39%   199  230s
  2640  1373     cutoff   62      16890.0000 15473.4534  8.39%   197  235s
  2744  1450 15557.6954   19  373 16890.0000 15517.2321  8.13%   197  240s
  2840  1511 16409.6020   29  188 16890.0000 15517.5314  8.13%   197  245s
  2940  1574 15949.1190   21  263 16890.0000 15544.0775  7.97%   198  250s
  2986  1609 15586.4713   20  334 16890.0000 15552.5831  7.92%   197  255s
  3014  1636 16376.4586   43  164 16890.0000 15552.5831  7.92%   198  260s
  3091  1692 16147.2979   20  243 16890.0000 15553.8572  7.91%   198  265s
  3175  1759 16056.2625   30  255 16890.0000 15562.3096  7.86%   198  270s
  3249  1817 16800.8350   54   95 16890.0000 15565.1037  7.84%   197  275s
  3332  1855 16716.0053   37  139 16890.0000 15568.5883  7.82%   198  280s
  3421  1904 16004.1501   29  256 16890.0000 15577.0978  7.77%   198  285s
  3537  1984     cutoff   65      16890.0000 15586.0796  7.72%   197  290s
  3601  2021 16394.5130   27  163 16890.0000 15591.5647  7.69%   198  295s
  3689  2086 16297.8517   35  201 16890.0000 15594.1808  7.67%   197  300s
  3795  2165 16749.9441   31  196 16890.0000 15604.1454  7.61%   195  305s
  3855  2200 16337.1201   24  264 16890.0000 15611.1443  7.57%   196  310s
  3901  2228 16333.9256   32  238 16890.0000 15611.3868  7.57%   197  315s
  3941  2256 16721.9497   36  119 16890.0000 15613.7564  7.56%   197  322s
  3969  2269 16582.1190   35  207 16890.0000 15616.2714  7.54%   198  325s
  4082  2355 16842.0078   71   61 16890.0000 15622.6307  7.50%   196  330s
  4139  2396 16349.9980   29  174 16890.0000 15623.2564  7.50%   197  335s
  4204  2453 16732.9841   45  173 16890.0000 15624.2660  7.49%   197  340s
  4246  2482 16465.6247   30  226 16890.0000 15631.5677  7.45%   199  345s
  4310  2530 16735.5157   37  163 16890.0000 15633.7221  7.44%   199  350s
  4424  2600 15704.2080   15  309 16890.0000 15639.4401  7.40%   199  355s
  4473  2635 15780.1322   20  281 16890.0000 15641.0816  7.39%   199  360s
  4536  2679 16678.7264   41  178 16890.0000 15643.1845  7.38%   199  365s
  4615  2728 15979.7541   23  273 16890.0000 15651.1751  7.33%   200  370s
  4728  2824 16803.0439   60  173 16890.0000 15653.0244  7.32%   199  375s
  4845  2904 16084.7519   26  290 16890.0000 15656.9074  7.30%   198  380s
  4939  2979 16650.2024   59  151 16890.0000 15658.9688  7.29%   197  385s
  5006  3025 15885.2676   24  258 16890.0000 15659.5387  7.29%   197  390s
  5120  3112 15702.9852   20  305 16890.0000 15668.8695  7.23%   198  395s
  5215  3186     cutoff   43      16890.0000 15670.4341  7.22%   198  400s
  5318  3260 15803.2878   15  278 16890.0000 15675.1358  7.19%   199  405s
  5399  3323 16736.6400   53  117 16890.0000 15675.3618  7.19%   199  410s
  5455  3359 16675.6370   30  166 16890.0000 15678.1537  7.17%   201  415s
  5525  3391 16100.9562   29  277 16890.0000 15678.9408  7.17%   201  420s
  5587  3431 15766.8552   20  284 16890.0000 15681.1370  7.16%   202  426s
  5654  3485 16776.1997   47  155 16890.0000 15683.4219  7.14%   202  430s
  5787  3574 15759.7606   17  416 16890.0000 15686.9868  7.12%   200  435s
  5829  3608 16677.6523   38  202 16890.0000 15686.9868  7.12%   202  440s
  5896  3649 16707.4057   42   88 16890.0000 15688.7175  7.11%   203  445s
  5907  3659 16791.1791   53  111 16890.0000 15688.7175  7.11%   203  453s
  5918  3662 16145.6730   27  219 16890.0000 15688.9464  7.11%   203  455s
  5997  3712 15984.2139   20  281 16890.0000 15690.3340  7.10%   203  460s
  6061  3765 16499.6529   51  170 16890.0000 15690.5376  7.10%   203  465s
  6158  3806 15826.4794   26  301 16890.0000 15691.3598  7.10%   203  470s
  6244  3871 15895.7540   16  294 16890.0000 15694.5303  7.08%   202  475s
  6289  3905 16223.5653   23  297 16890.0000 15694.5313  7.08%   203  480s
  6355  3952 15783.4964   25  320 16890.0000 15696.3232  7.07%   203  485s
  6450  4014 15948.2286   21  311 16890.0000 15696.8544  7.06%   203  490s
  6534  4076 15773.3614   18  358 16890.0000 15698.8797  7.05%   202  495s
  6586  4117 16419.3851   37  234 16890.0000 15701.7480  7.04%   203  500s
  6652  4148 15755.4059   17  301 16890.0000 15702.9852  7.03%   204  505s
  6742  4209 15910.7602   18  369 16890.0000 15703.4971  7.02%   204  510s
  6807  4255 16796.9197   39  141 16890.0000 15704.0192  7.02%   204  515s
  6864  4287 16214.6668   40  216 16890.0000 15704.2713  7.02%   205  520s
  6952  4332 16079.9662   27  195 16890.0000 15705.6282  7.01%   204  525s
  7021  4382 16064.8640   24  262 16890.0000 15706.7563  7.01%   204  530s
  7115  4452 16052.6330   31  227 16890.0000 15707.1322  7.00%   204  535s
  7200  4516 16053.0198   25  288 16890.0000 15707.9158  7.00%   204  540s
  7265  4558 16699.3378   44  136 16890.0000 15708.9089  6.99%   204  545s
  7342  4608 16668.9933   28  154 16890.0000 15710.0978  6.99%   204  550s
  7426  4663 16721.6956   49  149 16890.0000 15710.6775  6.98%   204  555s
  7488  4689 15937.8817   26  273 16890.0000 15716.4501  6.95%   204  560s
  7556  4746 16136.6289   34  224 16890.0000 15716.8024  6.95%   204  565s
  7642  4814 16108.4679   23  199 16890.0000 15717.4501  6.94%   204  570s
  7744  4875 15898.3735   21  326 16890.0000 15721.1124  6.92%   204  575s
  7831  4933 15777.7142   25  322 16890.0000 15722.2250  6.91%   205  580s
  7893  4975 15913.0307   22  356 16890.0000 15723.9906  6.90%   205  585s
  7996  5048 15904.0535   15  394 16890.0000 15724.9273  6.90%   204  590s
  8063  5104 16571.4884   47  200 16890.0000 15725.1155  6.90%   204  595s
  8158  5159 16424.6716   38  228 16890.0000 15725.5146  6.89%   204  600s
  8271  5241 16566.7066   49  151 16890.0000 15725.5655  6.89%   204  605s
  8325  5277 16057.1880   22  223 16890.0000 15729.8107  6.87%   204  611s
  8401  5343 16741.5663   54  139 16890.0000 15729.9795  6.87%   203  615s
  8485  5386 15816.3607   15  365 16890.0000 15731.4357  6.86%   203  620s
  8543  5422 16179.4532   23  276 16890.0000 15733.3248  6.85%   205  625s
  8641  5483 15976.8461   27  292 16890.0000 15733.6523  6.85%   204  630s
  8722  5536 16061.2026   18  300 16890.0000 15734.9036  6.84%   204  635s
  8816  5609 16762.3560   37  134 16890.0000 15735.4551  6.84%   205  640s
H 8856  5599                    16870.000000 15735.7087  6.72%   205  652s
  8884  5619 16482.7987   40  178 16870.0000 15736.9028  6.72%   205  655s
  8958  5664 16069.8249   24  281 16870.0000 15740.3534  6.70%   205  660s
  9050  5732 16198.7384   39  265 16870.0000 15742.9287  6.68%   205  665s
  9144  5789 16786.9526   36  184 16870.0000 15744.4453  6.67%   205  670s
  9241  5858 16662.9973   48  116 16870.0000 15745.8548  6.66%   205  675s
  9272  5877 16394.3025   39  263 16870.0000 15747.1990  6.66%   205  680s
  9389  5950 16088.1266   20  263 16870.0000 15748.6826  6.65%   205  685s
  9470  6007 16547.9836   38  137 16870.0000 15750.0864  6.64%   205  690s
  9547  6045 15867.3844   14  305 16870.0000 15750.9302  6.63%   205  695s
  9659  6125 16182.6928   19  229 16870.0000 15753.8102  6.62%   205  700s
H 9714  6141                    16860.000000 15756.8772  6.54%   205  704s
  9715  6144 15967.1431   21  280 16860.0000 15756.8772  6.54%   205  705s
  9822  6226 15798.7044   20  408 16860.0000 15757.9934  6.54%   205  710s
  9905  6283     cutoff   57      16860.0000 15761.5683  6.52%   205  715s
  9968  6323 16467.7687   31  248 16860.0000 15762.0329  6.51%   205  720s
 10044  6362 16296.2471   37  226 16860.0000 15763.1057  6.51%   205  725s
 10178  6461 16776.6575   65  144 16860.0000 15764.9877  6.49%   205  730s
 10203  6477 16278.9919   32  407 16860.0000 15765.5224  6.49%   204  795s
 10206  6479 16324.2318   38  444 16860.0000 15765.5224  6.49%   204  801s
 10214  6484 16234.2991   31  414 16860.0000 15765.5224  6.49%   204  805s
 10219  6488 16021.5433   28  442 16860.0000 15765.5224  6.49%   204  810s
 10222  6490 16405.7333   31  425 16860.0000 15765.5224  6.49%   204  818s
 10225  6492 16766.6116   35  455 16860.0000 15765.5224  6.49%   204  822s
 10229  6494 16180.5506   29  465 16860.0000 15765.5224  6.49%   204  826s
 10232  6496 16200.2538   33  470 16860.0000 15765.5224  6.49%   204  830s
 10234  6498 16675.8318   53  492 16860.0000 15765.5224  6.49%   204  836s
 10236  6499 16361.0712   34  506 16860.0000 15765.5224  6.49%   204  841s
 10238  6500 16558.8589   54  483 16860.0000 15765.5224  6.49%   204  845s
 10241  6502 16737.7733   64  526 16860.0000 15765.5224  6.49%   204  851s
 10242  6503 16489.6844   19  510 16860.0000 15765.5224  6.49%   204  855s
 10245  6505 16535.2901   54  572 16860.0000 15765.5224  6.49%   204  861s
 10247  6506 16535.0766   59  530 16860.0000 15765.5224  6.49%   204  865s
 10250  6508 16216.9910   32  495 16860.0000 15765.5224  6.49%   204  873s
 10252  6510 16323.0333   32  502 16860.0000 15765.5224  6.49%   204  878s
 10253  6510 16813.8149   53  527 16860.0000 15765.5224  6.49%   203  880s
 10256  6512 16549.4882   40  486 16860.0000 15765.5224  6.49%   203  887s
 10258  6514 16187.4884   29  509 16860.0000 15765.5224  6.49%   203  891s
 10260  6515 16402.3856   41  549 16860.0000 15765.5224  6.49%   203  895s
 10263  6517 16093.4643   28  576 16860.0000 15765.5224  6.49%   203  901s
 10265  6518 16277.1281   24  593 16860.0000 15765.5224  6.49%   203  906s
 10267  6520 16621.2037   48  586 16860.0000 15765.5224  6.49%   203  911s
 10268  6520 16592.0912   57  572 16860.0000 15765.5224  6.49%   203  915s
 10270  6522 16112.4660   25  550 16860.0000 15765.5224  6.49%   203  920s
 10273  6524 16423.3713   41  583 16860.0000 15765.5224  6.49%   203  926s
 10275  6525 16612.1816   41  588 16860.0000 15765.5224  6.49%   203  930s
 10278  6527 16399.3304   39  548 16860.0000 15765.5224  6.49%   203  936s
 10280  6528 16546.5807   48  563 16860.0000 15765.5224  6.49%   203  941s
 10282  6530 16616.4421   58  567 16860.0000 15765.5224  6.49%   203  946s
 10284  6531 16113.0018   19  555 16860.0000 15765.5224  6.49%   203  951s
 10286  6532 16698.8906   23  581 16860.0000 15765.5224  6.49%   203  955s
 10289  6534 16355.0813   31  595 16860.0000 15765.5224  6.49%   203  961s
 10291  6536 16364.7690   32  583 16860.0000 15765.5224  6.49%   203  966s
 10294  6538 16544.3008   43  571 16860.0000 15765.5224  6.49%   203  972s
 10296  6539 16496.9457   40  580 16860.0000 15765.5224  6.49%   203  977s
 10298  6540 16399.6240   43  576 16860.0000 15765.5224  6.49%   203  981s
 10300  6542 16100.2040   18  570 16860.0000 15765.5224  6.49%   203  985s
 10303  6544 16278.9919   32  579 16860.0000 15765.5224  6.49%   203  991s
 10305  6545 16291.2620   39  599 16860.0000 15765.5224  6.49%   202  996s
 10307  6546 16231.0873   22  608 16860.0000 15765.5224  6.49%   202 1000s
 10310  6548 16702.0302   22  573 16860.0000 15765.5224  6.49%   202 1007s
 10312  6550 16717.8719   52  553 16860.0000 15765.5224  6.49%   202 1011s
 10314  6551 16234.2991   31  562 16860.0000 15765.5224  6.49%   202 1016s
 10316  6552 16249.4050   32  569 16860.0000 15765.5224  6.49%   202 1021s
 10318  6554 16108.4093   31  573 16860.0000 15765.5224  6.49%   202 1025s
 10320  6555 16101.3670   21  573 16860.0000 15765.5224  6.49%   202 1030s
 10323  6557 16669.3327   56  592 16860.0000 15765.5224  6.49%   202 1036s
 10325  6558 16766.6116   35  585 16860.0000 15765.5224  6.49%   202 1041s
 10326  6559 16719.7167   36  566 16860.0000 15765.5224  6.49%   202 1045s
 10329  6561 16180.5506   29  590 16860.0000 15765.5224  6.49%   202 1050s
 10331  6562 16704.3168   49  599 16860.0000 15765.5224  6.49%   202 1055s
 10333  6564 16325.0125   29  582 16860.0000 15765.5224  6.49%   202 1060s
 10335  6565 16135.6981   29  588 16860.0000 15765.5224  6.49%   202 1065s
 10338  6567 16558.8589   54  573 16860.0000 15765.5224  6.49%   202 1072s
 10340  6568 16696.0228   40  555 16860.0000 15765.5224  6.49%   202 1078s
 10342  6570 16489.6844   19  575 16860.0000 15765.5224  6.49%   202 1082s
 10344  6571 16773.7754   40  563 16860.0000 15765.5224  6.49%   202 1087s
 10346  6572 16047.9525   22  528 16860.0000 15765.5224  6.49%   202 1091s
 10348  6574 16539.1118   50  551 16860.0000 15765.5224  6.49%   202 1096s
 10350  6575 16216.9910   32  542 16860.0000 15765.5224  6.49%   202 1101s
 10352  6576 16323.0333   32  511 16860.0000 15765.5224  6.49%   202 1105s
 10355  6578 16090.7568   36  537 16860.0000 15765.5224  6.49%   201 1111s
 10357  6580 16080.4545   29  538 16860.0000 15765.5224  6.49%   201 1116s
 10359  6581 16474.6848   31  542 16860.0000 15765.5224  6.49%   201 1120s
 10361  6582 16548.5646   26  546 16860.0000 15765.5224  6.49%   201 1125s
 10364  6584 16545.3279   52  529 16860.0000 15765.5224  6.49%   201 1132s
 10366  6586 16007.6765   28  533 16860.0000 15765.5224  6.49%   201 1137s
 10368  6587 16592.0912   57  557 16860.0000 15765.5224  6.49%   201 1141s
 10370  6588 16112.4660   25  538 16860.0000 15765.5224  6.49%   201 1145s
 10372  6590 16586.1691   51  541 16860.0000 15765.5224  6.49%   201 1150s
 10375  6592 16612.1816   41  578 16860.0000 15765.5224  6.49%   201 1156s
 10377  6593 15895.5039   24  587 16860.0000 15765.5224  6.49%   201 1160s
 10379  6594 16676.8078   38  571 16860.0000 15765.5224  6.49%   201 1165s
 10382  6596 16616.4421   58  527 16860.0000 15765.5224  6.49%   201 1172s
 10384  6598 16113.0018   19  532 16860.0000 15765.5224  6.49%   201 1177s
 10386  6599 16698.8906   23  534 16860.0000 15765.5224  6.49%   201 1181s
 10388  6600 15792.4241   19  536 16860.0000 15765.5224  6.49%   201 1185s
 10390  6602 15833.6558   23  529 16860.0000 15765.5224  6.49%   201 1190s
 10393  6604 16192.7659   30  561 16860.0000 15765.5224  6.49%   201 1196s
 10395  6605 15916.3518   15  555 16860.0000 15765.5224  6.49%   201 1201s
 10396  6606 16496.9457   40  542 16860.0000 15765.5224  6.49%   201 1205s
 10398  6607 16399.6240   43  537 16860.0000 15765.5224  6.49%   201 1210s
 10401  6609 16125.5249   37  559 16860.0000 15765.5224  6.49%   201 1216s
 10403  6610 16278.9919   32  557 16860.0000 15765.5224  6.49%   201 1221s
 10405  6612 16291.2620   39  565 16860.0000 15765.5224  6.49%   201 1226s
 10407  6613 16231.0873   22  556 16860.0000 15765.5224  6.49%   200 1231s
 10409  6614 16494.3586   57  544 16860.0000 15765.5224  6.49%   200 1235s
 10411  6616 16536.0845   42  535 16860.0000 15765.5224  6.49%   200 1240s
 10414  6618 16234.2991   31  546 16860.0000 15765.5224  6.49%   200 1247s
 10416  6619 16249.4050   32  523 16860.0000 15765.5224  6.49%   200 1251s
 10421  6624 16662.3617   36  442 16860.0000 15765.5224  6.49%   210 1256s
 10428  6629 16452.0943   45  413 16860.0000 15765.5224  6.49%   210 1260s
 10431  6631 16704.3168   49  466 16860.0000 15765.5224  6.49%   209 1265s
 10434  6633 16675.8318   53  489 16860.0000 15765.5224  6.49%   209 1272s
 10436  6634 16361.0712   34  494 16860.0000 15765.5224  6.49%   209 1278s
 10437  6635 16380.8183   32  480 16860.0000 15765.5224  6.49%   209 1280s
 10440  6637 16696.0228   40  481 16860.0000 15765.5224  6.49%   209 1286s
 10442  6638 16489.6844   19  501 16860.0000 15765.5224  6.49%   209 1291s
 10444  6639 16773.7754   40  538 16860.0000 15765.5224  6.49%   209 1297s
 10446  6641 16047.9525   22  546 16860.0000 15765.5224  6.49%   209 1302s
 10448  6642 16539.1118   50  510 16860.0000 15765.5224  6.49%   209 1306s
 10450  6643 16216.9910   32  512 16860.0000 15765.5224  6.49%   209 1310s
 10452  6645 16323.0333   32  521 16860.0000 15765.5224  6.49%   209 1316s
 10454  6646 16455.4619   41  495 16860.0000 15765.5224  6.49%   209 1321s
 10456  6647 16549.4882   40  516 16860.0000 15765.5224  6.49%   209 1326s
 10458  6649 16187.4884   29  522 16860.0000 15765.5224  6.49%   209 1332s
 10460  6650 16402.3856   41  514 16860.0000 15765.5224  6.49%   209 1338s
 10461  6651 16548.5646   26  486 16860.0000 15765.5224  6.49%   209 1340s
 10463  6652 16093.4643   28  513 16860.0000 15765.5224  6.49%   209 1345s
 10465  6653 16277.1281   24  501 16860.0000 15765.5224  6.49%   209 1350s
 10468  6655 16592.0912   57  475 16860.0000 15765.5224  6.49%   209 1357s
 10470  6657 16112.4660   25  501 16860.0000 15765.5224  6.49%   209 1363s
 10471  6657 16378.6320   43  548 16860.0000 15765.5224  6.49%   209 1365s
 10473  6659 16423.3713   41  542 16860.0000 15765.5224  6.49%   209 1370s
 10476  6661 16241.6927   29  541 16860.0000 15765.5224  6.49%   209 1377s
 10478  6662 16399.3304   39  524 16860.0000 15765.5224  6.49%   209 1383s
 10480  6663 16546.5807   48  519 16860.0000 15765.5224  6.49%   208 1388s
 10482  6665 16616.4421   58  522 16860.0000 15765.5224  6.49%   208 1392s
 10484  6666 16113.0018   19  527 16860.0000 15765.5224  6.49%   208 1397s
 10486  6667 16698.8906   23  533 16860.0000 15765.5224  6.49%   208 1401s
 10488  6669 15792.4241   19  538 16860.0000 15765.5224  6.49%   208 1406s
 10490  6670 15833.6558   23  536 16860.0000 15765.5224  6.49%   208 1411s
 10492  6671 16200.6438   30  541 16860.0000 15765.5224  6.49%   208 1415s
 10494  6673 16544.3008   43  529 16860.0000 15765.5224  6.49%   208 1421s
 10496  6674 16496.9457   40  543 16860.0000 15765.5224  6.49%   208 1426s
 10498  6675 16399.6240   43  559 16860.0000 15765.5224  6.49%   208 1431s
 10500  6677 16100.2040   18  529 16860.0000 15765.5224  6.49%   208 1436s
 10502  6678 16261.4596   35  526 16860.0000 15765.5224  6.49%   208 1440s
 10505  6680 16291.2620   39  548 16860.0000 15765.5224  6.49%   208 1446s
 10507  6681 16231.0873   22  536 16860.0000 15765.5224  6.49%   208 1450s
 10509  6683 16494.3586   57  517 16860.0000 15765.5224  6.49%   208 1455s
 10511  6684 16536.0845   42  525 16860.0000 15765.5224  6.49%   208 1460s
 10513  6685 16626.6653   49  493 16860.0000 15765.5224  6.49%   208 1465s
 10516  6687 16249.4050   32  488 16860.0000 15765.5224  6.49%   208 1472s
 10518  6689 16108.4093   31  499 16860.0000 15765.5224  6.49%   208 1476s
 10520  6690 16101.3670   21  513 16860.0000 15765.5224  6.49%   208 1481s
 10522  6691 16405.7333   31  576 16860.0000 15765.5224  6.49%   208 1486s
 10524  6693 16399.3304   39  582 16860.0000 15765.5224  6.49%   208 1491s
 10526  6694 16719.7167   36  592 16860.0000 15765.5224  6.49%   208 1496s
 10528  6695 16452.0943   45  605 16860.0000 15765.5224  6.49%   208 1500s
 10530  6697 16845.4379   46  585 16860.0000 15765.5224  6.49%   208 1505s
 10532  6698 16200.2538   33  592 16860.0000 15765.5224  6.49%   207 1510s
 10535  6700 16135.6981   29  606 16860.0000 15765.5224  6.49%   207 1516s
 10536  6701 16361.0712   34  559 16860.0000 15765.5224  6.49%   207 1521s
 10538  6702 16558.8589   54  585 16860.0000 15765.5224  6.49%   207 1526s
 10540  6703 16696.0228   40  587 16860.0000 15765.5224  6.49%   207 1531s
 10542  6705 16489.6844   19  566 16860.0000 15765.5224  6.49%   207 1537s
 10544  6706 16773.7754   40  612 16860.0000 15765.5224  6.49%   207 1542s
 10546  6707 16047.9525   22  591 16860.0000 15765.5224  6.49%   207 1547s
 10548  6709 16539.1118   50  595 16860.0000 15765.5224  6.49%   207 1552s
 10550  6710 16216.9910   32  586 16860.0000 15765.5224  6.49%   207 1558s
 10551  6711 15890.0314   19  609 16860.0000 15765.5224  6.49%   207 1560s
 10553  6712 16813.8149   53  610 16860.0000 15765.5224  6.49%   207 1565s
 10555  6713 16090.7568   36  610 16860.0000 15765.5224  6.49%   207 1570s
 10557  6715 16080.4545   29  603 16860.0000 15765.5224  6.49%   207 1576s
 10558  6715 16187.4884   29  583 16860.0000 15765.5224  6.49%   207 1584s
 10559  6716 16474.6848   31  598 16860.0000 15765.5224  6.49%   207 1586s
 10561  6717 16548.5646   26  589 16860.0000 15765.5224  6.49%   207 1591s
 10563  6719 16093.4643   28  592 16860.0000 15765.5224  6.49%   207 1596s
 10565  6720 16277.1281   24  591 16860.0000 15765.5224  6.49%   207 1601s
 10567  6721 16621.2037   48  585 16860.0000 15765.5224  6.49%   207 1606s
 10569  6723 15933.4680   18  583 16860.0000 15765.5224  6.49%   207 1611s
 10571  6724 16378.6320   43  591 16860.0000 15765.5224  6.49%   207 1615s
 10573  6725 16423.3713   41  594 16860.0000 15765.5224  6.49%   207 1620s
 10575  6727 16612.1816   41  557 16860.0000 15765.5224  6.49%   207 1626s
 10577  6728 15895.5039   24  546 16860.0000 15765.5224  6.49%   207 1631s
 10579  6729 16676.8078   38  554 16860.0000 15765.5224  6.49%   207 1636s
 10581  6731 16488.5074   58  562 16860.0000 15765.5224  6.49%   207 1641s
 10583  6732 16231.0873   22  561 16860.0000 15765.5224  6.49%   206 1646s
 10585  6733 16654.6141   57  541 16860.0000 15765.5224  6.49%   206 1651s
 10587  6735 16609.2687   44  559 16860.0000 15765.5224  6.49%   206 1656s
 10589  6736 16355.0813   31  569 16860.0000 15765.5224  6.49%   206 1660s
 10592  6738 16200.6438   30  583 16860.0000 15765.5224  6.49%   206 1668s
 10594  6739 16544.3008   43  587 16860.0000 15765.5224  6.49%   206 1672s
 10596  6741 16496.9457   40  576 16860.0000 15765.5224  6.49%   206 1676s
 10598  6742 16399.6240   43  583 16860.0000 15765.5224  6.49%   206 1682s
 10600  6743 16100.2040   18  574 16860.0000 15765.5224  6.49%   206 1686s
 10602  6745 16261.4596   35  580 16860.0000 15765.5224  6.49%   206 1690s
 10604  6746 16400.1769   31  569 16860.0000 15765.5224  6.49%   206 1695s
 10607  6748 16231.0873   22  570 16860.0000 15765.5224  6.49%   206 1701s
 10609  6749 16494.3586   57  572 16860.0000 15765.5224  6.49%   206 1706s
 10611  6751 16536.0845   42  571 16860.0000 15765.5224  6.49%   206 1710s
 10613  6752 16626.6653   49  575 16860.0000 15765.5224  6.49%   206 1715s
 10616  6754 16249.4050   32  549 16860.0000 15765.5224  6.49%   206 1723s
 10617  6755 16261.3114   21  574 16860.0000 15765.5224  6.49%   206 1725s
 10620  6757 16101.3670   21  548 16860.0000 15765.5224  6.49%   206 1731s
 10622  6758 16405.7333   31  550 16860.0000 15765.5224  6.49%   206 1737s
 10624  6759 16399.3304   39  576 16860.0000 15765.5224  6.49%   206 1741s
 10626  6761 16719.7167   36  499 16860.0000 15765.5224  6.49%   206 2171s
 10631  6765 16704.3168   49  353 16860.0000 15765.5224  6.49%   218 2175s
 10639  6770 16645.9848   53  348 16860.0000 16012.9651  5.02%   218 2181s
 10642  6772 16489.6844   19  342 16860.0000 16028.4327  4.93%   218 2185s
 10646  6775 16047.9525   22  365 16860.0000 16040.1670  4.86%   218 2191s
 10649  6777 16044.7694   25  431 16860.0000 16044.7694  4.84%   218 2196s
 10651  6778 16049.8843   19  395 16860.0000 16049.8843  4.80%   218 2201s
 10654  6780 16455.4619   41  407 16860.0000 16057.6505  4.76%   218 2207s
 10656  6782 16549.4882   40  406 16860.0000 16060.5566  4.74%   218 2211s
 10658  6783 16187.4884   29  437 16860.0000 16063.7723  4.72%   218 2215s
 10661  6785 16548.5646   26  426 16860.0000 16067.3461  4.70%   218 2221s
 10663  6786 16093.4643   28  428 16860.0000 16069.2035  4.69%   218 2226s
 10665  6788 16277.1281   24  446 16860.0000 16071.5131  4.68%   218 2230s
 10667  6789 16621.2037   48  460 16860.0000 16073.2784  4.67%   218 2235s
 10670  6791 16112.4660   25  458 16860.0000 16080.7073  4.62%   218 2240s
 10672  6792 16586.1691   51  418 16860.0000 16085.6632  4.59%   218 2246s
 10674  6794 16249.9140   42  468 16860.0000 16088.7079  4.57%   217 2250s
 10676  6795 16241.6927   29  459 16860.0000 16091.1896  4.56%   217 2255s
 10678  6796 16399.3304   39  451 16860.0000 16096.0508  4.53%   217 2260s
 10680  6798 16546.5807   48  439 16860.0000 16099.7766  4.51%   217 2265s
 10682  6799 16616.4421   58  453 16860.0000 16101.8464  4.50%   217 2271s
 10684  6800 16113.0018   19  491 16860.0000 16103.5743  4.49%   217 2276s
 10686  6802 16698.8906   23  522 16860.0000 16105.1228  4.48%   217 2280s
 10688  6803 16107.1762   19  522 16860.0000 16107.1762  4.47%   217 2285s
 10690  6804 16107.1762   23  511 16860.0000 16107.1762  4.47%   217 2290s
 10692  6806 16200.6438   30  535 16860.0000 16108.6798  4.46%   217 2295s
 10694  6807 16544.3008   43  531 16860.0000 16108.6798  4.46%   217 2300s
 10697  6809 16165.8628   31  503 16860.0000 16109.2792  4.45%   217 2307s
 10699  6810 16110.4251   29  482 16860.0000 16110.4251  4.45%   217 2311s
 10701  6812 16125.5249   37  503 16860.0000 16111.7014  4.44%   217 2316s
 10703  6813 16278.9919   32  493 16860.0000 16111.8566  4.44%   217 2322s
 10705  6814 16291.2620   39  509 16860.0000 16112.2653  4.43%   217 2327s
 10707  6816 16231.0873   22  495 16860.0000 16112.4864  4.43%   217 2332s
 10709  6817 16494.3586   57  510 16860.0000 16113.2457  4.43%   217 2337s
 10711  6818 16536.0845   42  495 16860.0000 16113.8609  4.43%   217 2342s
 10713  6820 16626.6653   49  494 16860.0000 16114.2522  4.42%   217 2347s
 10715  6821 16763.3588   58  510 16860.0000 16114.7547  4.42%   217 2352s
 10716  6822 16249.4050   32  532 16860.0000 16114.7547  4.42%   217 2355s
 10718  6823 16114.7547   31  527 16860.0000 16114.7547  4.42%   217 2360s
 10721  6825 16662.3617   36  509 16860.0000 16115.3788  4.42%   217 2367s
 10723  6826 16669.3327   56  502 16860.0000 16115.6385  4.41%   216 2372s
 10725  6828 16766.6116   35  510 16860.0000 16116.2549  4.41%   216 2377s
 10727  6829 16116.9322   26  519 16860.0000 16116.9322  4.41%   216 2382s
 10729  6830 16180.5506   29  524 16860.0000 16116.9322  4.41%   216 2387s
 10731  6832 16704.3168   49  519 16860.0000 16117.5142  4.40%   216 2392s
 10733  6833 16325.0125   29  524 16860.0000 16117.7017  4.40%   216 2397s
 10735  6834 16135.6981   29  526 16860.0000 16119.1006  4.39%   216 2402s
 10737  6836 16380.8183   32  533 16860.0000 16119.6601  4.39%   216 2407s
 10739  6837 16645.9848   53  528 16860.0000 16119.6601  4.39%   216 2411s
 10741  6838 16737.7733   64  532 16860.0000 16120.7468  4.38%   216 2416s
 10743  6840 16669.4995   36  512 16860.0000 16120.7468  4.38%   216 2422s
 10745  6841 16535.2901   54  535 16860.0000 16120.7468  4.38%   216 2426s
 10747  6842 16535.0766   59  527 16860.0000 16120.7468  4.38%   216 2431s
 10749  6844 16121.2206   25  540 16860.0000 16121.2206  4.38%   216 2436s
 10751  6845 16121.2206   19  519 16860.0000 16121.2206  4.38%   216 2440s
 10753  6846 16813.8149   53  530 16860.0000 16121.2206  4.38%   216 2445s
 10755  6848 16121.2206   36  524 16860.0000 16121.2206  4.38%   216 2450s
 10757  6849 16121.6596   29  508 16860.0000 16121.6596  4.38%   216 2455s
 10759  6850 16474.6848   31  528 16860.0000 16121.6596  4.38%   216 2460s
 10761  6852 16548.5646   26  545 16860.0000 16121.6596  4.38%   216 2465s
 10763  6853 16121.8175   28  561 16860.0000 16121.8175  4.38%   216 2470s
 10765  6854 16277.1281   24  552 16860.0000 16121.8840  4.38%   216 2475s
 10767  6856 16621.2037   48  562 16860.0000 16122.7343  4.37%   216 2480s
 10769  6857 16123.1704   18  505 16860.0000 16123.1704  4.37%   216 2485s
 10771  6858 16378.6320   43  421 16860.0000 16123.3161  4.37%   216 2490s
 10773  6860 16423.3713   41  472 16860.0000 16124.3250  4.36%   215 2495s
 10775  6861 16612.1816   41  468 16860.0000 16125.9264  4.35%   215 2500s
 10778  6863 16399.3304   39  480 16860.0000 16126.1450  4.35%   215 2506s
 10780  6864 16546.5807   48  482 16860.0000 16126.4688  4.35%   215 2511s
 10781  6865 16488.5074   58  454 16860.0000 16126.6529  4.35%   215 2516s
 10783  6866 16231.0873   22  480 16860.0000 16130.2375  4.33%   215 2521s
 10785  6868 16654.6141   57  470 16860.0000 16130.2375  4.33%   215 2528s
 10786  6868 16698.8906   23  466 16860.0000 16130.2375  4.33%   215 2530s
 10788  6870 16130.2375   19  490 16860.0000 16130.2375  4.33%   215 2536s
 10790  6871 16130.7718   23  489 16860.0000 16130.7718  4.33%   215 2541s
 10792  6872 16200.6438   30  486 16860.0000 16130.7718  4.33%   215 2546s
 10794  6874 16544.3008   43  462 16860.0000 16130.7718  4.33%   215 2551s
 10796  6875 16496.9457   40  475 16860.0000 16130.7718  4.33%   215 2555s
 10799  6877 16130.9082   29  478 16860.0000 16130.9082  4.32%   215 2561s
 10802  6879 16261.4596   35  507 16860.0000 16130.9082  4.32%   215 2566s
 10805  6881 16291.2620   39  462 16860.0000 16130.9082  4.32%   215 2572s
 10807  6882 16231.0873   22  506 16860.0000 16130.9082  4.32%   215 2575s
 10810  6884 16702.0302   22  502 16860.0000 16130.9082  4.32%   215 2580s
 10813  6886 16626.6653   49  530 16860.0000 16130.9082  4.32%   215 2585s
 10816  6888 16249.4050   32  492 16860.0000 16130.9082  4.32%   215 2590s
 10819  6890 16130.9082   28  518 16860.0000 16130.9082  4.32%   215 2595s
 10822  6892 16405.7333   31  512 16860.0000 16130.9082  4.32%   215 2600s
 10825  6894 16766.6116   35  490 16860.0000 16130.9082  4.32%   214 2605s
 10829  6897 16180.5506   29  509 16860.0000 16130.9082  4.32%   214 2611s
 10832  6899 16200.2538   33  487 16860.0000 16130.9082  4.32%   214 2616s
 10834  6900 16675.8318   53  503 16860.0000 16130.9082  4.32%   214 2620s
 10837  6902 16380.8183   32  500 16860.0000 16130.9082  4.32%   214 2801s
 10842  6907 16489.6844   19  299 16860.0000 16130.9082  4.32%   231 2805s
 10848  6911 16539.1118   50  368 16860.0000 16226.0473  3.76%   230 2810s
 10851  6913 16236.6045   19  372 16860.0000 16236.6045  3.70%   230 2815s
 10855  6916 16245.9793   36  452 16860.0000 16245.9793  3.64%   230 2821s
 10857  6917 16250.7398   29  485 16860.0000 16250.7398  3.61%   230 2825s
 10860  6919 16402.3856   41  505 16860.0000 16260.2734  3.56%   230 2832s
 10862  6920 16266.1472   18  465 16860.0000 16266.1472  3.52%   230 2836s
 10864  6922 16545.3279   52  371 16860.0000 16274.4313  3.47%   230 2841s
 10866  6923 16275.8586   28  359 16860.0000 16275.8586  3.46%   230 2846s
 10868  6924 16592.0912   57  392 16860.0000 16279.8801  3.44%   230 2851s
 10870  6926 16282.0908   25  422 16860.0000 16282.0908  3.43%   230 2856s
 10872  6927 16586.1691   51  436 16860.0000 16287.8694  3.39%   230 2860s
 10874  6928 16287.8694   42  483 16860.0000 16287.8694  3.39%   230 2865s
 10876  6930 16290.7047   29  511 16860.0000 16290.7047  3.38%   230 2870s
 10878  6931 16399.3304   39  399 16860.0000 16294.9610  3.35%   230 2876s
 10880  6932 16546.5807   48  481 16860.0000 16299.7519  3.32%   230 2881s
 10882  6934 16616.4421   58  425 16860.0000 16304.0832  3.30%   230 2886s
 10884  6935 16307.7266   19  392 16860.0000 16307.7266  3.28%   230 2891s
 10886  6936 16698.8906   23  365 16860.0000 16309.8993  3.26%   230 2896s
 10888  6938 16311.9629   19  334 16860.0000 16311.9629  3.25%   230 2902s
 10890  6939 16314.5253   23  340 16860.0000 16314.5253  3.24%   229 2907s
 10892  6940 16316.7845   30  326 16860.0000 16316.7845  3.22%   229 2913s
 10893  6941 16317.1957   30  378 16860.0000 16317.1957  3.22%   229 2915s
 10895  6942 16319.6355   15  352 16860.0000 16319.6355  3.21%   229 2920s
 10897  6944 16321.1028   31  350 16860.0000 16321.1028  3.20%   229 2926s
 10899  6945 16323.5412   29  374 16860.0000 16323.5412  3.18%   229 2932s
 10900  6946 16323.5412   18  353 16860.0000 16323.5412  3.18%   229 2935s
 10902  6947 16324.9210   35  356 16860.0000 16324.9210  3.17%   229 2941s
 10904  6948 16400.1769   31  335 16860.0000 16326.1140  3.17%   229 2947s
 10906  6950 16326.8811   38  365 16860.0000 16326.8811  3.16%   229 2955s
 10908  6951 16717.1436   51  354 16860.0000 16328.1640  3.15%   229 2960s
 10910  6952 16702.0302   22  380 16860.0000 16329.3294  3.15%   229 2966s
 10912  6954 16717.8719   52  343 16860.0000 16332.4421  3.13%   229 2971s
 10914  6955 16332.4421   31  360 16860.0000 16332.4421  3.13%   229 2977s
 10915  6956 16763.3588   58  396 16860.0000 16332.4421  3.13%   229 2980s
 10917  6957 16332.4421   21  387 16860.0000 16332.4421  3.13%   229 2985s
 10920  6959 16334.3922   21  346 16860.0000 16334.3922  3.12%   229 2992s
 10921  6960 16662.3617   36  400 16860.0000 16334.3922  3.12%   229 2995s
 10923  6961 16669.3327   56  404 16860.0000 16334.3922  3.12%   229 3000s
 10925  6962 16766.6116   35  373 16860.0000 16334.3922  3.12%   229 3006s
 10927  6964 16334.3922   26  395 16860.0000 16334.3922  3.12%   229 3012s
 10928  6964 16452.0943   45  384 16860.0000 16334.3922  3.12%   229 3015s
 10930  6966 16845.4379   46  374 16860.0000 16334.3922  3.12%   229 3024s
 10931  6966 16704.3168   49  406 16860.0000 16334.3922  3.12%   229 3026s
 10933  6968 16334.3922   29  427 16860.0000 16334.3922  3.12%   229 3032s
 10934  6968 16675.8318   53  361 16860.0000 16334.3922  3.12%   229 3035s
 10936  6970 16361.0712   34  413 16860.0000 16334.3922  3.12%   229 3041s
 10938  6971 16558.8589   54  386 16860.0000 16334.5910  3.12%   228 3046s
 10940  6972 16696.0228   40  352 16860.0000 16334.5999  3.12%   228 3052s
 10942  6974 16489.6844   19  328 16860.0000 16334.9549  3.11%   228 3057s
 10943  6974 16669.4995   36  390 16860.0000 16335.0484  3.11%   228 3060s
 10945  6976 16535.2901   54  390 16860.0000 16335.4828  3.11%   228 3066s
 10946  6976 16335.4828   22  355 16860.0000 16335.4828  3.11%   228 3071s
 10948  6978 16539.1118   50  337 16860.0000 16335.5772  3.11%   228 3077s
 10950  6979 16335.8198   32  344 16860.0000 16335.8198  3.11%   228 3082s
 10952  6980 16336.1759   32  382 16860.0000 16336.1759  3.11%   228 3088s
 10953  6981 16813.8149   53  406 16860.0000 16336.1759  3.11%   228 3091s
 10955  6982 16336.1759   36  397 16860.0000 16336.1759  3.11%   228 3097s
 10956  6983 16549.4882   40  353 16860.0000 16336.1759  3.11%   228 3101s
 10958  6984 16336.2779   29  359 16860.0000 16336.2779  3.11%   228 3106s
 10960  6986 16402.3856   41  357 16860.0000 16336.4427  3.11%   228 3113s
 10961  6986 16548.5646   26  391 16860.0000 16336.4849  3.11%   228 3115s
 10963  6988 16336.8188   28  397 16860.0000 16336.8188  3.10%   228 3122s
 10964  6988 16545.3279   52  339 16860.0000 16337.0594  3.10%   228 3126s
 10966  6990 16337.3632   28  328 16860.0000 16337.3632  3.10%   228 3131s
 10968  6991 16592.0912   57  335 16860.0000 16338.5972  3.09%   228 3138s
 10969  6992 16338.5972   18  393 16860.0000 16338.5972  3.09%   228 3140s
 10970  6992 16338.5972   25  345 16860.0000 16338.5972  3.09%   228 3145s
 10972  6994 16586.1691   51  371 16860.0000 16339.2196  3.09%   228 3151s
 10974  6995 16339.2196   42  357 16860.0000 16339.2196  3.09%   228 3156s
 10976  6996 16339.2196   29  361 16860.0000 16339.2196  3.09%   228 3162s
 10978  6998 16399.3304   39  359 16860.0000 16339.2196  3.09%   228 3166s
 10980  6999 16546.5807   48  352 16860.0000 16339.2196  3.09%   228 3171s
 10982  7000 16616.4421   58  369 16860.0000 16339.2196  3.09%   228 3175s
 10985  7002 16654.6141   57  390 16860.0000 16340.1966  3.08%   228 3181s
 10986  7003 16698.8906   23  358 16860.0000 16340.1966  3.08%   227 3187s
 10989  7005 16355.0813   31  384 16860.0000 16340.2150  3.08%   227 3190s
 10994  7008 16544.3008   43  348 16860.0000 16340.2150  3.08%   227 3196s
 10998  7011 16399.6240   43  367 16860.0000 16340.2150  3.08%   227 3201s
 11002  7014 16340.2150   35  372 16860.0000 16340.2150  3.08%   227 3205s
 11007  7017 16340.2150   22  406 16860.0000 16340.2150  3.08%   227 3210s
 11012  7020 16717.8719   52  423 16860.0000 16340.2150  3.08%   227 3216s
 11017  7024 16340.3951   21  410 16860.0000 16340.3951  3.08%   227 3220s
 11022  7027 16405.7333   31  378 16860.0000 16340.4944  3.08%   227 3225s
 11027  7030 16340.4944   26  418 16860.0000 16340.4944  3.08%   227 3230s
 11032  7034 16340.4944   33  359 16860.0000 16340.4944  3.08%   227 3236s
 11036  7036 16361.0712   34  368 16860.0000 16340.6055  3.08%   226 3240s
 11042  7040 16489.6844   19  359 16860.0000 16340.7347  3.08%   226 3246s
 11046  7043 16340.8126   22  362 16860.0000 16340.8126  3.08%   226 3586s
 11050  7047 16340.8126   32  314 16860.0000 16340.8126  3.08%   246 3590s
 11054  7050 16455.4619   41  265 16860.0000 16340.8126  3.08%   246 3595s
 11059  7053 16474.6848   31  309 16860.0000 16350.1503  3.02%   246 3602s
 11061  7055 16548.5646   26  335 16860.0000 16354.2905  3.00%   246 3605s
 11064  7057 16545.3279   52  310 16860.0000 16364.3052  2.94%   246 3612s
 11065  7057 16367.6847   24  291 16860.0000 16367.6847  2.92%   246 3615s
 11067  7059 16621.2037   48  300 16860.0000 16370.1223  2.91%   246 3621s
 11069  7060 16372.3712   18  297 16860.0000 16372.3712  2.89%   246 3626s
 11071  7061 16378.6320   43  313 16860.0000 16373.0483  2.89%   246 3632s
 11073  7063 16423.3713   41  306 16860.0000 16374.2543  2.88%   246 3638s
 11074  7063 16374.2543   42  311 16860.0000 16374.2543  2.88%   246 3640s
 11076  7065 16374.9963   29  347 16860.0000 16374.9963  2.88%   246 3646s
 11078  7066 16399.3304   39  342 16860.0000 16375.5478  2.87%   246 3651s
 11079  7067 16676.8078   38  313 16860.0000 16376.1828  2.87%   246 3655s
 11081  7068 16488.5074   58  330 16860.0000 16377.0547  2.86%   246 3660s
 11083  7069 16378.0959   22  338 16860.0000 16378.0959  2.86%   246 3666s
 11085  7071 16654.6141   57  306 16860.0000 16379.2365  2.85%   245 3672s
 11087  7072 16609.2687   44  315 16860.0000 16380.1718  2.85%   245 3678s
 11088  7073 16380.4566   19  358 16860.0000 16380.4566  2.84%   245 3681s
 11090  7074 16382.0516   23  350 16860.0000 16382.0516  2.83%   245 3687s
 11091  7075 16383.0307   32  335 16860.0000 16383.0307  2.83%   245 3691s
 11093  7076 16383.9978   30  315 16860.0000 16383.9978  2.82%   245 3696s
 11095  7077 16385.1461   15  342 16860.0000 16385.1461  2.82%   245 3702s
 11096  7078 16496.9457   40  368 16860.0000 16385.4309  2.81%   245 3705s
 11098  7079 16399.6240   43  384 16860.0000 16386.1198  2.81%   245 3711s
 11100  7081 16386.6137   18  382 16860.0000 16386.6137  2.81%   245 3716s
 11101  7081 16387.3920   37  334 16860.0000 16387.3920  2.80%   245 3720s
 11103  7083 16387.3920   32  363 16860.0000 16387.3920  2.80%   245 3726s
 11105  7084 16387.4564   39  328 16860.0000 16387.4564  2.80%   245 3732s
 11107  7085 16388.1597   22  339 16860.0000 16388.1597  2.80%   245 3738s
 11108  7086 16717.1436   51  371 16860.0000 16388.1863  2.80%   245 3740s
 11110  7087 16702.0302   22  389 16860.0000 16388.5241  2.80%   245 3746s
 11112  7089 16717.8719   52  379 16860.0000 16388.8709  2.79%   245 3752s
 11113  7089 16626.6653   49  348 16860.0000 16389.3134  2.79%   245 3756s
 11115  7091 16763.3588   58  320 16860.0000 16389.9171  2.79%   245 3762s
 11117  7092 16390.0584   21  347 16860.0000 16390.0584  2.79%   245 3768s
 11118  7093 16390.1993   31  363 16860.0000 16390.1993  2.79%   245 3770s
 11120  7094 16390.6371   21  389 16860.0000 16390.6371  2.78%   245 3777s
 11121  7095 16662.3617   36  337 16860.0000 16390.8190  2.78%   245 3781s
 11123  7096 16669.3327   56  341 16860.0000 16391.4189  2.78%   245 3788s
 11124  7097 16399.3304   39  394 16860.0000 16391.4189  2.78%   245 3790s
 11126  7098 16719.7167   36  379 16860.0000 16391.9032  2.78%   245 3796s
 11127  7099 16392.1899   26  345 16860.0000 16392.1899  2.77%   245 3800s
 11129  7100 16392.7767   29  345 16860.0000 16392.7767  2.77%   244 3806s
 11131  7101 16704.3168   49  382 16860.0000 16392.9604  2.77%   244 3812s
 11133  7103 16393.9039   29  350 16860.0000 16393.9039  2.76%   244 3817s
 11134  7103 16675.8318   53  379 16860.0000 16393.9039  2.76%   244 3820s
 11136  7105 16393.9039   34  382 16860.0000 16393.9039  2.76%   244 3827s
 11137  7105 16394.2062   32  370 16860.0000 16394.2062  2.76%   244 3830s
 11139  7107 16645.9848   53  333 16860.0000 16394.5222  2.76%   244 3836s
 11141  7108 16737.7733   64  339 16860.0000 16394.8448  2.76%   244 3841s
 11143  7109 16669.4995   36  334 16860.0000 16395.1792  2.76%   244 3845s
 11146  7111 16395.5338   22  390 16860.0000 16395.5338  2.75%   244 3851s
 11148  7113 16539.1118   50  374 16860.0000 16396.0464  2.75%   244 3855s
 11151  7115 16397.4424   19  347 16860.0000 16397.4424  2.74%   244 3862s
 11153  7116 16813.8149   53  356 16860.0000 16397.4424  2.74%   244 3865s
 11156  7118 16549.4882   40  360 16860.0000 16397.4424  2.74%   244 3871s
 11158  7119 16397.4424   29  393 16860.0000 16397.4424  2.74%   244 3875s
 11161  7121 16548.5646   26  358 16860.0000 16397.6010  2.74%   244 3882s
 11163  7123 16398.0402   28  352 16860.0000 16398.0402  2.74%   244 3886s
 11165  7124 16398.9460   24  360 16860.0000 16398.9460  2.73%   244 3891s
 11167  7125 16621.2037   48  348 16860.0000 16398.9460  2.73%   244 3896s
 11169  7127 16401.2521   18  337 16860.0000 16401.2521  2.72%   244 3900s
 11172  7129 16586.1691   51  395 16860.0000 16401.2521  2.72%   244 3906s
 11174  7130 16401.2521   42  385 16860.0000 16401.2521  2.72%   244 3910s
 11177  7132 16401.2521   24  339 16860.0000 16401.2521  2.72%   243 3916s
 11179  7133 16676.8078   38  347 16860.0000 16401.7239  2.72%   243 3920s
 11181  7135 16488.5074   58  355 16860.0000 16402.3963  2.71%   243 3925s
 11184  7137 16402.7550   19  380 16860.0000 16402.7550  2.71%   243 3931s
 11186  7138 16698.8906   23  386 16860.0000 16403.1899  2.71%   243 3935s
 11188  7139 16403.6881   19  377 16860.0000 16403.6881  2.71%   243 3940s
 11190  7141 16403.6881   23  406 16860.0000 16403.6881  2.71%   243 3945s
 11193  7143 16404.3649   30  354 16860.0000 16404.3649  2.70%   243 3952s
 11195  7144 16404.8342   15  360 16860.0000 16404.8342  2.70%   243 3956s
 11197  7145 16405.0666   31  369 16860.0000 16405.0666  2.70%   243 3960s
 11200  7147 16405.2418   18  405 16860.0000 16405.2418  2.70%   243 3965s
 11201  7148 16405.3236   37  364 16860.0000 16405.3236  2.70%   243 3970s
 11205  7151 16405.4701   39  360 16860.0000 16405.4701  2.70%   243 3976s
 11208  7153 16717.1436   51  404 16860.0000 16405.6551  2.69%   243 3980s
 11212  7155 16717.8719   52  398 16860.0000 16406.9273  2.69%   243 3985s
 11215  7157 16763.3588   58  362 16860.0000 16407.6578  2.68%   243 3990s
 11219  7160 16408.0418   28  358 16860.0000 16408.0418  2.68%   243 3995s
 11223  7163 16669.3327   56  356 16860.0000 16408.3175  2.68%   242 4002s
 11226  7165 16719.7167   36  418 16860.0000 16408.4363  2.68%   242 4005s
 11229  7167 16408.9923   29  357 16860.0000 16408.9923  2.68%   242 4012s
 11232  7169 16409.2560   33  403 16860.0000 16409.2560  2.67%   242 4015s
 11237  7172 16409.4810   32  354 16860.0000 16409.4810  2.67%   242 4020s
 11241  7175 16737.7733   64  360 16860.0000 16409.5677  2.67%   242 4025s
 11247  7179 16535.0766   59  361 16860.0000 16409.8688  2.67%   242 4031s
 11251  7181 16410.1081   19  355 16860.0000 16410.1081  2.67%   242 4035s
 11255  7184 16410.3043   36  356 16860.0000 16410.3043  2.67%   242 4040s
 11257  7185 16410.4066   29  376 16860.0000 16410.4066  2.67%   242 4627s
 11258  7186 16410.4066   29  376 16860.0000 16410.4066  2.67%   242 4655s
 11262  7191 16475.2737   73  226 16860.0000 16423.6121  2.59%   266 4662s
 11267  7194 16441.0608   76  271 16860.0000 16438.3079  2.50%   267 4665s
 11277  7201 16533.4267   81  122 16860.0000 16440.9247  2.49%   269 4670s
 11307  7206 16697.0659   98   62 16860.0000 16440.9247  2.49%   269 4675s
 11331  7202 16471.4397   77  261 16860.0000 16440.9742  2.49%   270 4680s
 11341  7207 16473.6913   82  163 16860.0000 16440.9742  2.49%   271 4685s
 11365  7202 16494.4042   78  216 16860.0000 16441.1447  2.48%   272 4690s
 11378  7201 16602.7273   78  209 16860.0000 16449.3244  2.44%   273 4695s
 11389  7205 16696.6013   83  145 16860.0000 16449.3244  2.44%   275 4700s
 11429  7201 16450.0300   73  299 16860.0000 16449.3244  2.44%   275 4705s
 11435  7205 16588.4581   76  278 16860.0000 16449.3244  2.44%   276 4710s
 11462  7207 16608.5554   90   98 16860.0000 16449.3244  2.44%   277 4715s
 11483  7204 16594.4519   74  244 16860.0000 16463.3898  2.35%   279 4720s
 11495  7208 16696.1056   80  151 16860.0000 16463.3898  2.35%   280 4725s
 11534  7207 16696.6953   85   74 16860.0000 16463.3903  2.35%   281 4730s
 11558  7209 16517.3425   87  190 16860.0000 16471.4488  2.30%   282 4735s
 11581  7206 16627.1391   79  268 16860.0000 16471.4548  2.30%   283 4740s
 11612  7207 16503.0076   78  240 16860.0000 16475.2839  2.28%   284 4746s
 11621  7213 16559.1947   85  198 16860.0000 16475.2839  2.28%   285 4750s
 11640  7211 16534.4083   75  186 16860.0000 16475.7223  2.28%   286 4755s
 11654  7220 16587.3010   85  177 16860.0000 16475.7223  2.28%   287 4760s
 11678  7218 16757.9361  101   75 16860.0000 16475.7223  2.28%   287 4765s
 11687  7216 16539.9210   76  186 16860.0000 16478.6522  2.26%   288 4770s
 11704  7223 16679.8991   90  117 16860.0000 16478.6522  2.26%   289 4775s
 11716  7220 16557.0422   77  239 16860.0000 16486.7102  2.21%   290 4780s
 11734  7224 16647.9133   76  148 16860.0000 16486.7102  2.21%   291 4785s
 11756  7226 16517.6731   75  144 16860.0000 16491.8321  2.18%   292 4791s
 11771  7230 16646.7066   86   87 16860.0000 16491.8321  2.18%   293 4795s
 11793  7231 16528.8488   75  165 16860.0000 16493.9435  2.17%   293 4800s
 11811  7229 16597.9463   84  122 16860.0000 16493.9435  2.17%   294 4805s
 11832  7225 16703.4191   94  133 16860.0000 16493.9435  2.17%   294 4810s
 11847  7222 16593.0796   79  177 16860.0000 16493.9435  2.17%   295 4815s
 11868  7236 16761.2241  100   87 16860.0000 16493.9435  2.17%   295 4820s
 11904  7241 16630.9901   94   87 16860.0000 16494.4186  2.17%   295 4825s
 11925  7245 16674.2683   93  125 16860.0000 16494.5575  2.17%   296 4830s
 11957  7249 16678.1031   97   84 16860.0000 16499.0205  2.14%   296 4835s
 11975  7248 16578.5995   79  170 16860.0000 16501.7578  2.12%   296 4840s
 12008  7252 16835.7084   95   77 16860.0000 16501.7578  2.12%   296 4845s
 12049  7247 16705.9704   99  111 16860.0000 16503.0788  2.12%   297 4850s
 12084  7243 16700.3388   83  180 16860.0000 16507.6195  2.09%   298 4855s
 12121  7249 16647.7433   86   88 16860.0000 16507.7171  2.09%   298 4860s
 12182  7268 16711.9985   98   77 16860.0000 16514.3575  2.05%   298 4865s
 12226  7281 16756.2622   97  130 16860.0000 16517.0558  2.03%   298 4870s
 12251  7287 16638.8660   87  192 16860.0000 16517.0558  2.03%   299 4875s
 12274  7293 16671.8742   83  132 16860.0000 16517.1810  2.03%   299 4880s
 12301  7295 16748.7580   80  105 16860.0000 16518.6401  2.02%   300 4885s
 12332  7291 16607.0647   83  143 16860.0000 16522.0340  2.00%   300 4890s
 12359  7295 16630.6975   86  126 16860.0000 16522.2243  2.00%   301 4895s
 12398  7289 16544.8055   76  265 16860.0000 16522.9988  2.00%   301 4901s
 12421  7290 16842.6205   96   67 16860.0000 16522.9988  2.00%   302 4905s
 12461  7292 16691.8909   92   74 16860.0000 16525.0520  1.99%   302 4910s
 12527  7307 16562.9993   88  129 16860.0000 16529.0279  1.96%   302 4915s
 12573  7310 infeasible   99      16860.0000 16534.1313  1.93%   302 4920s
 12627  7322 16637.0567   89  156 16860.0000 16538.1398  1.91%   302 4925s
 12661  7332 16799.0252   86  146 16860.0000 16539.9210  1.90%   302 4931s
 12682  7332 16668.7633   83  176 16860.0000 16546.3962  1.86%   303 4935s
 12708  7335 16594.9212   81  119 16860.0000 16550.6756  1.83%   303 4940s
 12740  7342 16644.0812   86  219 16860.0000 16551.5468  1.83%   303 4945s
 12777  7352 16702.4994   80  159 16860.0000 16552.0631  1.83%   304 4950s
 12788  7359 16804.1040   91   74 16860.0000 16552.0631  1.83%   304 4956s
 12820  7357 16784.7155   81  124 16860.0000 16553.9558  1.82%   305 4960s
 12839  7363 16777.2555   81  238 16860.0000 16555.9267  1.80%   306 4965s
 12872  7363 infeasible   85      16860.0000 16557.0729  1.80%   307 4970s
 12893  7367 16673.5376   88  118 16860.0000 16557.1627  1.80%   308 4975s
 12922  7356 16736.6594   79  113 16860.0000 16557.3263  1.80%   309 4980s
 12958  7348 16611.7752   82  211 16860.0000 16558.0188  1.79%   310 4985s
 13013  7368 16625.2931   80  160 16860.0000 16558.2418  1.79%   310 4990s
 13027  7367 16656.6388   80  186 16860.0000 16559.1947  1.78%   310 4995s
 13076  7366     cutoff   89      16860.0000 16561.8073  1.77%   311 5000s
 13119  7357 infeasible   79      16860.0000 16568.1320  1.73%   312 5005s
 13151  7357 16643.2078   79  196 16860.0000 16572.3800  1.71%   313 5010s
 13191  7356 16589.6324   79  250 16860.0000 16572.8806  1.70%   313 5015s
 13217  7371 16801.6772  105   68 16860.0000 16572.8806  1.70%   314 5020s
 13271  7369 16615.9958   90  107 16860.0000 16573.7814  1.70%   314 5025s
 13328  7369 16609.1407   80  252 16860.0000 16575.3934  1.69%   315 5031s
 13358  7368 infeasible   82      16860.0000 16575.7219  1.69%   316 5035s
 13367  7372 16744.5120   83  191 16860.0000 16576.5290  1.68%   317 5040s
 13415  7364 16746.9802   94   41 16860.0000 16577.8597  1.67%   318 5045s
*13429  6825              99    16780.000000 16577.8597  1.20%   318 5045s
 13462  6823 16746.6778   93  144 16780.0000 16579.2593  1.20%   318 5053s
 13465  6821 16699.6114   93  143 16780.0000 16579.2593  1.20%   318 5055s
 13502  6812 16590.9838   80  128 16780.0000 16582.6861  1.18%   319 5060s
 13519  6807 16645.9177   83  201 16780.0000 16583.5901  1.17%   320 5065s
 13567  6804     cutoff  101      16780.0000 16584.6887  1.16%   321 5070s
 13618  6788 16720.9979  101  122 16780.0000 16585.8484  1.16%   321 5075s
 13668  6775 16649.4608   84  208 16780.0000 16588.4107  1.14%   321 5080s
 13693  6776 16624.4594   80  172 16780.0000 16588.4709  1.14%   323 5085s
 13723  6788 16686.2683   88  120 16780.0000 16588.5771  1.14%   324 5090s
 13788  6769 infeasible   95      16780.0000 16590.9623  1.13%   324 5095s
 13830  6765 16738.3453   95  157 16780.0000 16593.6072  1.11%   325 5100s
 13862  6760 16653.6886   77  217 16780.0000 16594.4960  1.11%   325 5105s
 13895  6759 16609.3112   82  216 16780.0000 16595.1297  1.10%   326 5111s
 13920  6760 16694.9762   88  164 16780.0000 16598.2486  1.08%   327 5115s
 13960  6765 16687.6463   94   82 16780.0000 16599.2142  1.08%   328 5120s
 13991  6752 16609.6662   82  149 16780.0000 16601.8911  1.06%   328 5125s
 14052  6747 16619.1026   80  231 16780.0000 16602.8015  1.06%   328 5130s
 14094  6739 infeasible   87      16780.0000 16604.1041  1.05%   329 5135s
 14148  6744 16729.8895   94  123 16780.0000 16606.8215  1.03%   329 5140s
 14195  6735 16737.9149   91   90 16780.0000 16609.1226  1.02%   330 5145s
 14242  6738 16672.0907   85  112 16780.0000 16609.3112  1.02%   331 5150s
 14291  6731 16665.2003   82  124 16780.0000 16609.8056  1.01%   332 5155s
 14358  6711 16630.4650   83  235 16780.0000 16611.3664  1.00%   332 5161s
 14389  6707 16717.2488   88  137 16780.0000 16611.9183  1.00%   332 5165s
 14456  6706 16743.4564   88   54 16780.0000 16613.1499  0.99%   333 5170s
 14500  6688 16730.0819   89  123 16780.0000 16615.6892  0.98%   333 5175s
 14527  6686 16727.5630   84  106 16780.0000 16616.1896  0.98%   334 5181s
 14550  6689 16749.3619   90  107 16780.0000 16616.1896  0.98%   334 5185s
 14587  6690 16678.9108   82  273 16780.0000 16616.4867  0.97%   335 5190s
 14627  6693 16740.3889   90  117 16780.0000 16616.6456  0.97%   336 5195s
 14652  6688 16710.3769   88  164 16780.0000 16617.9994  0.97%   336 5200s
 14699  6681 16686.3939   92   51 16780.0000 16618.9164  0.96%   337 5205s
 14759  6671 infeasible   96      16780.0000 16619.7333  0.96%   337 5210s
 14814  6674 16737.4715   96  138 16780.0000 16620.7558  0.95%   338 5215s
 14856  6669 16688.4845   91  133 16780.0000 16621.2164  0.95%   338 5220s
 14897  6661 16658.4897   85  260 16780.0000 16622.4739  0.94%   338 5225s
 14934  6665 16700.9800   88  194 16780.0000 16623.2035  0.93%   339 5230s
 14965  6658 16694.7764   83  288 16780.0000 16623.9261  0.93%   340 5237s
 14983  6660 16663.0386   87  128 16780.0000 16623.9261  0.93%   340 5240s
 15033  6665 16754.1569   97  127 16780.0000 16624.0464  0.93%   341 5245s
 15088  6651 16678.9373   84  133 16780.0000 16624.6020  0.93%   342 5250s
 15118  6648 16662.9771   79  284 16780.0000 16625.2903  0.92%   343 5256s
 15166  6647 16650.7514   81  239 16780.0000 16625.4333  0.92%   343 5260s
 15212  6643 16688.4768   84  173 16780.0000 16626.1977  0.92%   344 5265s
 15270  6628 16694.1051   81  213 16780.0000 16627.1679  0.91%   344 5270s
 15303  6622 16712.1665   91   78 16780.0000 16628.5725  0.90%   345 5275s
 15335  6605     cutoff   95      16780.0000 16629.8600  0.89%   346 5280s
 15393  6582 16765.2991   89  110 16780.0000 16630.5677  0.89%   346 5285s
 15450  6577 16744.7325   95   63 16780.0000 16632.0684  0.88%   346 5290s
 15509  6551 16678.8104   87  143 16780.0000 16634.4530  0.87%   347 5295s
 15563  6550 16688.5637   87  161 16780.0000 16635.6427  0.86%   347 5300s
 15590  6537 16693.3276   89  197 16780.0000 16636.3250  0.86%   348 5305s
 15665  6527 16684.3893   91  144 16780.0000 16637.2315  0.85%   348 5310s
 15715  6527 16753.9350   90   82 16780.0000 16637.3436  0.85%   348 5315s
 15737  6521 16650.8001   89   63 16780.0000 16637.4639  0.85%   348 5323s
 15739  6520 16658.9279   90   84 16780.0000 16637.4639  0.85%   348 5325s
 15809  6508     cutoff   86      16780.0000 16638.5917  0.84%   348 5330s
 15855  6497     cutoff   94      16780.0000 16639.9160  0.83%   349 5335s
 15889  6474 16691.9819   88   60 16780.0000 16642.7282  0.82%   350 5340s
 15899  6463 16713.4543   84  130 16780.0000 16643.6838  0.81%   351 5347s
 15919  6459 16727.4070   80  245 16780.0000 16643.8392  0.81%   351 5350s
 15971  6444 16661.9242   94  176 16780.0000 16644.4395  0.81%   352 5355s
 16040  6425 16720.5009   90   80 16780.0000 16645.7270  0.80%   351 5360s
 16084  6410 infeasible   94      16780.0000 16646.2230  0.80%   352 5365s
 16136  6393 16729.8232   90  177 16780.0000 16646.7904  0.79%   352 5371s
 16172  6372 16696.3147   77  125 16780.0000 16648.0996  0.79%   353 5375s
 16222  6358 16722.8075   89   92 16780.0000 16650.2562  0.77%   353 5380s
 16253  6333 16720.2438   87  134 16780.0000 16652.0459  0.76%   354 5385s
 16283  6316 16715.8534   78  105 16780.0000 16653.8396  0.75%   355 5390s
 16322  6311 16664.5405   85  177 16780.0000 16654.1875  0.75%   355 5395s
 16338  6310 16758.6588   91   92 16780.0000 16654.2648  0.75%   356 5400s
 16374  6302 16709.4719   86  117 16780.0000 16654.5796  0.75%   356 5405s
 16408  6288     cutoff   87      16780.0000 16654.9043  0.75%   357 5410s
 16463  6269 infeasible   91      16780.0000 16656.7074  0.73%   358 5415s
 16502  6266 16749.1050   94  190 16780.0000 16657.3296  0.73%   358 5420s
 16529  6252     cutoff   84      16780.0000 16658.4842  0.72%   359 5425s
 16583  6236 16679.8505   82  103 16780.0000 16658.9370  0.72%   360 5430s
 16642  6219 16736.7417   87  125 16780.0000 16660.0468  0.71%   360 5435s
 16708  6198 16718.3255   81  174 16780.0000 16661.7631  0.70%   360 5440s
 16748  6178     cutoff   81      16780.0000 16662.4126  0.70%   361 5445s
 16782  6160 16742.2216   80  177 16780.0000 16663.0386  0.70%   362 5450s
 16819  6145     cutoff   87      16780.0000 16663.7095  0.69%   362 5455s
 16889  6138 16774.9064   90  133 16780.0000 16664.6872  0.69%   362 5460s
 16947  6111 16765.0727   93  101 16780.0000 16665.4242  0.68%   363 5465s
 17006  6096 16739.7820   85  112 16780.0000 16666.4663  0.68%   363 5470s
 17082  6061 16717.6178   84  167 16780.0000 16667.6017  0.67%   363 5475s
 17147  6058 16776.5194  101   54 16780.0000 16668.5178  0.66%   363 5480s
 17178  6047 16681.8290   82  287 16780.0000 16669.5222  0.66%   364 5485s
 17211  6040     cutoff   89      16780.0000 16669.5862  0.66%   364 5490s
 17246  6035 16755.0567   84  152 16780.0000 16669.9283  0.66%   365 5495s
 17291  6015 infeasible   92      16780.0000 16671.2648  0.65%   366 5500s
 17351  6007     cutoff  101      16780.0000 16672.0624  0.64%   366 5505s
 17410  5985 16739.9503   85  171 16780.0000 16673.4318  0.64%   366 5510s
 17454  5955 16732.1436   83  171 16780.0000 16675.6286  0.62%   366 5515s
 17503  5952 16742.6446   89  143 16780.0000 16676.1110  0.62%   366 5520s
 17583  5935 16727.4773  100   97 16780.0000 16677.6869  0.61%   366 5525s
 17672  5901     cutoff   83      16780.0000 16679.1582  0.60%   366 5530s
 17703  5876 16751.6145   92   87 16780.0000 16680.5333  0.59%   367 5546s
 17742  5864 16736.4147   85  270 16780.0000 16681.1073  0.59%   367 5550s
 17781  5859     cutoff   93      16780.0000 16681.3813  0.59%   368 5555s
 17811  5853 16756.9268   91  133 16780.0000 16682.0827  0.58%   368 5560s
 17879  5817 16750.8022   98   46 16780.0000 16683.7671  0.57%   368 5565s
 17932  5802 16717.0999   87  124 16780.0000 16684.5805  0.57%   368 5570s
 17949  5800 16756.4793   89  173 16780.0000 16684.6955  0.57%   369 5575s
 18005  5761 16748.2042   86  173 16780.0000 16687.1833  0.55%   369 5580s
 18047  5729 infeasible   82      16780.0000 16688.3395  0.55%   370 5585s
 18110  5697 infeasible   80      16780.0000 16689.7062  0.54%   370 5590s
 18164  5673     cutoff   90      16780.0000 16690.7611  0.53%   370 5595s
 18208  5653 16764.0843   84  143 16780.0000 16691.5962  0.53%   371 5600s
 18273  5638 16749.8095   95   69 16780.0000 16692.2659  0.52%   371 5605s
 18331  5613 16751.0457   86  133 16780.0000 16694.1548  0.51%   371 5610s
 18389  5584     cutoff   85      16780.0000 16694.6679  0.51%   371 5615s
 18441  5567 16712.4431   87  179 16780.0000 16695.7336  0.50%   372 5620s
 18512  5541 16756.1812   84  107 16780.0000 16696.6508  0.50%   372 5625s
 18597  5507 16769.8119   88  142 16780.0000 16697.6249  0.49%   372 5630s
 18659  5485 16714.2570   88  169 16780.0000 16698.0878  0.49%   372 5635s
 18716  5473 16762.5764   84   70 16780.0000 16698.2747  0.49%   372 5640s
 18777  5453 16742.0236   93  113 16780.0000 16699.5296  0.48%   372 5645s
 18868  5407 16766.3298  101   87 16780.0000 16700.6538  0.47%   372 5650s
 18941  5384 16754.8453  104   92 16780.0000 16701.6859  0.47%   372 5655s
 18993  5363     cutoff   94      16780.0000 16702.0776  0.46%   372 5660s
 19042  5342 16739.4886   90  159 16780.0000 16702.8168  0.46%   372 5665s
 19142  5303 16736.2191   91   67 16780.0000 16704.6971  0.45%   371 5670s
 19203  5273     cutoff   79      16780.0000 16705.9806  0.44%   371 5675s
 19241  5244 16778.6436   86  135 16780.0000 16707.5290  0.43%   372 5680s
 19302  5221 16745.1680   98  134 16780.0000 16708.3885  0.43%   372 5685s
 19359  5191     cutoff   91      16780.0000 16709.3481  0.42%   373 5690s
 19444  5173 16764.0462   87  134 16780.0000 16710.2098  0.42%   372 5695s
 19507  5126 16733.3851   87  154 16780.0000 16711.8024  0.41%   373 5700s
 19580  5093 16742.0271   79  127 16780.0000 16712.4442  0.40%   373 5705s
 19648  5065 16761.0540   85  191 16780.0000 16713.8859  0.39%   373 5710s
 19722  5012     cutoff   94      16780.0000 16715.6130  0.38%   373 5715s
 19778  5003 16773.8857   95   98 16780.0000 16715.7989  0.38%   373 5720s
 19829  4971 16756.7068   85  195 16780.0000 16716.7906  0.38%   374 5727s
 19858  4962 16748.4086   86  203 16780.0000 16717.0999  0.37%   374 5730s
 19920  4936 16764.4167   98  116 16780.0000 16717.9397  0.37%   374 5735s
 19979  4891 16764.3122   81  174 16780.0000 16719.8198  0.36%   374 5740s
 20066  4837     cutoff   80      16780.0000 16721.6964  0.35%   374 5745s
 20158  4793     cutoff   81      16780.0000 16722.8870  0.34%   374 5750s
 20229  4756 16760.8657   86  131 16780.0000 16724.0377  0.33%   374 5755s
 20319  4722     cutoff   92      16780.0000 16725.5848  0.32%   373 5760s
 20392  4679 16760.7355   87  195 16780.0000 16727.0159  0.32%   373 5765s
 20494  4634     cutoff  103      16780.0000 16728.4594  0.31%   373 5770s
 20578  4578 16746.5628   91  107 16780.0000 16730.1300  0.30%   372 5775s
 20652  4531 16750.2940   96  147 16780.0000 16731.7998  0.29%   372 5795s
 20696  4508 16738.2713   89  153 16780.0000 16733.0421  0.28%   372 5800s
 20747  4479 16773.3170   87  125 16780.0000 16733.4174  0.28%   372 5805s
 20826  4428 16772.0217   86  168 16780.0000 16735.2676  0.27%   372 5810s
 20927  4384 16761.9624   94   48 16780.0000 16735.9915  0.26%   372 5815s
 21052  4331 16768.4012  102   93 16780.0000 16736.9750  0.26%   370 5820s
 21148  4263 16754.3877   89  193 16780.0000 16738.1922  0.25%   370 5825s
 21232  4210 16764.6902   82  147 16780.0000 16739.3266  0.24%   370 5830s
 21302  4167 16751.3425   91  124 16780.0000 16740.4363  0.24%   370 5835s
 21391  4078 16763.1813   91  168 16780.0000 16742.3748  0.22%   369 5840s
 21411  4064     cutoff   94      16780.0000 16742.8271  0.22%   369 5845s
 21487  4024 16778.6686   91  115 16780.0000 16743.8569  0.22%   369 5853s
 21518  4001 16768.9059   84  191 16780.0000 16744.5136  0.21%   369 5855s
 21624  3924     cutoff   87      16780.0000 16746.2826  0.20%   368 5860s
 21696  3870     cutoff   94      16780.0000 16747.2834  0.19%   368 5865s
 21783  3812 16766.4136   95  125 16780.0000 16749.2979  0.18%   368 5870s
 21875  3751 16769.2916   93  151 16780.0000 16750.9277  0.17%   367 5875s
 21978  3665 16760.8170  102  127 16780.0000 16753.2025  0.16%   367 5880s
 22099  3563     cutoff   90      16780.0000 16756.1323  0.14%   366 5885s
 22203  3470 16774.1211  102   70 16780.0000 16759.4360  0.12%   365 5890s
 22321  3361 16776.7394   93  149 16780.0000 16763.3664  0.10%   365 5895s
 22459  3204     cutoff   78      16780.0000 16770.1919  0.06%   363 5900s

Cutting planes:
  Gomory: 81
  Cover: 128
  Implied bound: 11
  MIR: 2851
  Mixing: 15
  StrongCG: 7
  Flow cover: 540
  GUB cover: 57
  Inf proof: 1
  Zero half: 139
  Mod-K: 3
  RLT: 425
  Relax-and-lift: 513
  BQP: 72

Explored 22580 nodes (8187835 simplex iterations) in 5902.63 seconds (11463.33 work units)
Thread count was 1 (of 12 available processors)

Solution count 10: 16780 16860 16860 ... 18075

Optimal solution found (tolerance 1.00e-04)
Best objective 1.678000000000e+04, best bound 1.677850000000e+04, gap 0.0089%
c is 1    0.03
2    0.03
3    0.03
4    0.03
5    0.03
6    0.03
7    0.03
8    0.03
dtype: float64
1         <gurobi.Var q[1] (value 0.0)>
2         <gurobi.Var q[2] (value 0.0)>
3       <gurobi.Var q[3] (value 450.0)>
4       <gurobi.Var q[4] (value 420.0)>
5       <gurobi.Var q[5] (value 300.0)>
6       <gurobi.Var q[6] (value 300.0)>
7       <gurobi.Var q[7] (value 800.0)>
8      <gurobi.Var q[8] (value 1000.0)>
9       <gurobi.Var q[9] (value 300.0)>
10     <gurobi.Var q[10] (value 210.0)>
11     <gurobi.Var q[11] (value 225.0)>
12     <gurobi.Var q[12] (value 300.0)>
13     <gurobi.Var q[13] (value 300.0)>
14     <gurobi.Var q[14] (value 420.0)>
15     <gurobi.Var q[15] (value 300.0)>
16     <gurobi.Var q[16] (value 300.0)>
17     <gurobi.Var q[17] (value 300.0)>
18     <gurobi.Var q[18] (value 450.0)>
19     <gurobi.Var q[19] (value 450.0)>
20     <gurobi.Var q[20] (value 450.0)>
21     <gurobi.Var q[21] (value 315.0)>
22     <gurobi.Var q[22] (value 450.0)>
23     <gurobi.Var q[23] (value 450.0)>
24    <gurobi.Var q[24] (value 1890.0)>
25    <gurobi.Var q[25] (value 2100.0)>
26     <gurobi.Var q[26] (value 210.0)>
27     <gurobi.Var q[27] (value 300.0)>
28     <gurobi.Var q[28] (value 300.0)>
29     <gurobi.Var q[29] (value 600.0)>
30    <gurobi.Var q[30] (value 1000.0)>
31     <gurobi.Var q[31] (value 750.0)>
32     <gurobi.Var q[32] (value 840.0)>
33     <gurobi.Var q[33] (value 300.0)>
dtype: object
1    <gurobi.Var x[1] (value 1.0)>
2    <gurobi.Var x[2] (value 0.0)>
3    <gurobi.Var x[3] (value 1.0)>
4    <gurobi.Var x[4] (value 0.0)>
5    <gurobi.Var x[5] (value 0.0)>
6    <gurobi.Var x[6] (value 1.0)>
dtype: object
1  11    <gurobi.Var y[1,11] (value 1.0)>
2  6      <gurobi.Var y[2,6] (value 1.0)>
3  6      <gurobi.Var y[3,6] (value 1.0)>
4  6      <gurobi.Var y[4,6] (value 1.0)>
5  11    <gurobi.Var y[5,11] (value 1.0)>
6  11    <gurobi.Var y[6,11] (value 1.0)>
dtype: object
1  10  r    <gurobi.Var beta[1,10,r] (value 1.0)>
   11  r    <gurobi.Var beta[1,11,r] (value 1.0)>
   12  r    <gurobi.Var beta[1,12,r] (value 1.0)>
   13  r    <gurobi.Var beta[1,13,r] (value 1.0)>
   14  r    <gurobi.Var beta[1,14,r] (value 1.0)>
2  6   u     <gurobi.Var beta[2,6,u] (value 1.0)>
   7   u     <gurobi.Var beta[2,7,u] (value 1.0)>
   8   u     <gurobi.Var beta[2,8,u] (value 1.0)>
   9   u     <gurobi.Var beta[2,9,u] (value 1.0)>
3  7   r     <gurobi.Var beta[3,7,r] (value 1.0)>
   8   r     <gurobi.Var beta[3,8,r] (value 1.0)>
   9   r     <gurobi.Var beta[3,9,r] (value 1.0)>
4  6   u     <gurobi.Var beta[4,6,u] (value 1.0)>
   7   u     <gurobi.Var beta[4,7,u] (value 1.0)>
   8   u     <gurobi.Var beta[4,8,u] (value 1.0)>
   9   u     <gurobi.Var beta[4,9,u] (value 1.0)>
5  10  u    <gurobi.Var beta[5,10,u] (value 1.0)>
   12  u    <gurobi.Var beta[5,12,u] (value 1.0)>
   13  u    <gurobi.Var beta[5,13,u] (value 1.0)>
   14  u    <gurobi.Var beta[5,14,u] (value 1.0)>
6  10  r    <gurobi.Var beta[6,10,r] (value 1.0)>
   11  r    <gurobi.Var beta[6,11,r] (value 1.0)>
   12  r    <gurobi.Var beta[6,12,r] (value 1.0)>
   13  r    <gurobi.Var beta[6,13,r] (value 1.0)>
   14  r    <gurobi.Var beta[6,14,r] (value 1.0)>
dtype: object
1  11  10                <gurobi.Var z_a[1,11,10] (value 1.0)>
       11                <gurobi.Var z_a[1,11,11] (value 1.0)>
       12                <gurobi.Var z_a[1,11,12] (value 1.0)>
       13                <gurobi.Var z_a[1,11,13] (value 1.0)>
       14                <gurobi.Var z_a[1,11,14] (value 1.0)>
2  6   6                   <gurobi.Var z_a[2,6,6] (value 1.0)>
       7     <gurobi.Var z_a[2,6,7] (value 188.873015873015...
       8                 <gurobi.Var z_a[2,6,8] (value 200.0)>
       9                  <gurobi.Var z_a[2,6,9] (value 60.0)>
3  6   7                   <gurobi.Var z_a[3,6,7] (value 1.0)>
       8                   <gurobi.Var z_a[3,6,8] (value 1.0)>
       9                  <gurobi.Var z_a[3,6,9] (value 60.0)>
4  6   6                   <gurobi.Var z_a[4,6,6] (value 1.0)>
       7                   <gurobi.Var z_a[4,6,7] (value 1.0)>
       8                   <gurobi.Var z_a[4,6,8] (value 1.0)>
       9                   <gurobi.Var z_a[4,6,9] (value 1.0)>
5  11  10                <gurobi.Var z_a[5,11,10] (value 1.0)>
       12                <gurobi.Var z_a[5,11,12] (value 1.0)>
       13                <gurobi.Var z_a[5,11,13] (value 1.0)>
       14               <gurobi.Var z_a[5,11,14] (value 51.0)>
6  11  10                <gurobi.Var z_a[6,11,10] (value 1.0)>
       11               <gurobi.Var z_a[6,11,11] (value 45.0)>
       12               <gurobi.Var z_a[6,11,12] (value 60.0)>
       13               <gurobi.Var z_a[6,11,13] (value 60.0)>
       14              <gurobi.Var z_a[6,11,14] (value 120.0)>
dtype: object
1  11  10     <gurobi.Var z_r[1,11,10] (value 0.3)>
       11     <gurobi.Var z_r[1,11,11] (value 0.3)>
       12     <gurobi.Var z_r[1,11,12] (value 0.3)>
       13     <gurobi.Var z_r[1,11,13] (value 0.3)>
       14     <gurobi.Var z_r[1,11,14] (value 0.3)>
2  6   6        <gurobi.Var z_r[2,6,6] (value 0.3)>
       7      <gurobi.Var z_r[2,6,7] (value 100.0)>
       8      <gurobi.Var z_r[2,6,8] (value 100.0)>
       9       <gurobi.Var z_r[2,6,9] (value 18.0)>
3  6   7        <gurobi.Var z_r[3,6,7] (value 0.7)>
       8        <gurobi.Var z_r[3,6,8] (value 0.3)>
       9       <gurobi.Var z_r[3,6,9] (value 18.0)>
4  6   6        <gurobi.Var z_r[4,6,6] (value 0.3)>
       7        <gurobi.Var z_r[4,6,7] (value 0.3)>
       8        <gurobi.Var z_r[4,6,8] (value 0.3)>
       9        <gurobi.Var z_r[4,6,9] (value 0.3)>
5  11  10     <gurobi.Var z_r[5,11,10] (value 0.3)>
       12     <gurobi.Var z_r[5,11,12] (value 0.3)>
       13     <gurobi.Var z_r[5,11,13] (value 0.3)>
       14    <gurobi.Var z_r[5,11,14] (value 15.3)>
6  11  10     <gurobi.Var z_r[6,11,10] (value 0.7)>
       11    <gurobi.Var z_r[6,11,11] (value 30.0)>
       12    <gurobi.Var z_r[6,11,12] (value 35.0)>
       13    <gurobi.Var z_r[6,11,13] (value 35.0)>
       14    <gurobi.Var z_r[6,11,14] (value 80.0)>
dtype: object
<MVar (32,)>
array([<gurobi.Var f_a[0] (value 0.0)>, <gurobi.Var f_a[1] (value 0.0)>,
       <gurobi.Var f_a[2] (value 0.0)>, <gurobi.Var f_a[3] (value 0.0)>,
       <gurobi.Var f_a[4] (value 0.0)>,
       <gurobi.Var f_a[5] (value 513.8730158730159)>,
       <gurobi.Var f_a[6] (value 323.0)>,
       <gurobi.Var f_a[7] (value 121.0)>, <gurobi.Var f_a[8] (value 0.0)>,
       <gurobi.Var f_a[9] (value -3.0)>,
       <gurobi.Var f_a[10] (value 296.0)>,
       <gurobi.Var f_a[11] (value 234.0)>,
       <gurobi.Var f_a[12] (value 172.0)>,
       <gurobi.Var f_a[13] (value 0.0)>, <gurobi.Var f_a[14] (value 0.0)>,
       <gurobi.Var f_a[15] (value 0.0)>, <gurobi.Var f_a[16] (value 0.0)>,
       <gurobi.Var f_a[17] (value 0.0)>, <gurobi.Var f_a[18] (value 0.0)>,
       <gurobi.Var f_a[19] (value 0.0)>, <gurobi.Var f_a[20] (value 0.0)>,
       <gurobi.Var f_a[21] (value 0.0)>, <gurobi.Var f_a[22] (value 0.0)>,
       <gurobi.Var f_a[23] (value 0.0)>, <gurobi.Var f_a[24] (value 0.0)>,
       <gurobi.Var f_a[25] (value 0.0)>, <gurobi.Var f_a[26] (value 0.0)>,
       <gurobi.Var f_a[27] (value 0.0)>, <gurobi.Var f_a[28] (value 0.0)>,
       <gurobi.Var f_a[29] (value 0.0)>, <gurobi.Var f_a[30] (value 0.0)>,
       <gurobi.Var f_a[31] (value 0.0)>])
<MVar (32,)>
array([<gurobi.Var f_r[0] (value 0.0)>, <gurobi.Var f_r[1] (value 0.0)>,
       <gurobi.Var f_r[2] (value 0.0)>, <gurobi.Var f_r[3] (value 0.0)>,
       <gurobi.Var f_r[4] (value 0.0)>, <gurobi.Var f_r[5] (value 237.9)>,
       <gurobi.Var f_r[6] (value 136.9)>,
       <gurobi.Var f_r[7] (value 36.3)>, <gurobi.Var f_r[8] (value 0.0)>,
       <gurobi.Var f_r[9] (value -1.3)>,
       <gurobi.Var f_r[10] (value 166.8)>,
       <gurobi.Var f_r[11] (value 131.2)>,
       <gurobi.Var f_r[12] (value 95.6)>,
       <gurobi.Var f_r[13] (value 0.0)>, <gurobi.Var f_r[14] (value 0.0)>,
       <gurobi.Var f_r[15] (value 0.0)>, <gurobi.Var f_r[16] (value 0.0)>,
       <gurobi.Var f_r[17] (value 0.0)>, <gurobi.Var f_r[18] (value 0.0)>,
       <gurobi.Var f_r[19] (value 0.0)>, <gurobi.Var f_r[20] (value 0.0)>,
       <gurobi.Var f_r[21] (value 0.0)>, <gurobi.Var f_r[22] (value 0.0)>,
       <gurobi.Var f_r[23] (value 0.0)>, <gurobi.Var f_r[24] (value 0.0)>,
       <gurobi.Var f_r[25] (value 0.0)>, <gurobi.Var f_r[26] (value 0.0)>,
       <gurobi.Var f_r[27] (value 0.0)>, <gurobi.Var f_r[28] (value 0.0)>,
       <gurobi.Var f_r[29] (value 0.0)>, <gurobi.Var f_r[30] (value 0.0)>,
       <gurobi.Var f_r[31] (value 0.0)>])
1  1      <gurobi.Var z_bar[1,1] (value 1.0)>
   2      <gurobi.Var z_bar[1,2] (value 1.0)>
   3      <gurobi.Var z_bar[1,3] (value 1.0)>
   5      <gurobi.Var z_bar[1,5] (value 1.0)>
   6      <gurobi.Var z_bar[1,6] (value 1.0)>
                         ...                 
8  45    <gurobi.Var z_bar[8,45] (value 1.0)>
   46    <gurobi.Var z_bar[8,46] (value 1.0)>
   47    <gurobi.Var z_bar[8,47] (value 1.0)>
   48    <gurobi.Var z_bar[8,48] (value 1.0)>
   50    <gurobi.Var z_bar[8,50] (value 1.0)>
Length: 343, dtype: object
2    <gurobi.Var gamma[2] (value 0.9920634920634921)>
3                   <gurobi.Var gamma[3] (value 1.0)>
dtype: object
1  11                 <gurobi.Var psi_a[1,11] (value 5.0)>
2  6     <gurobi.Var psi_a[2,6] (value 449.873015873015...
3  6                  <gurobi.Var psi_a[3,6] (value 62.0)>
4  6                   <gurobi.Var psi_a[4,6] (value 4.0)>
5  11                <gurobi.Var psi_a[5,11] (value 54.0)>
6  11               <gurobi.Var psi_a[6,11] (value 286.0)>
dtype: object
1  11      <gurobi.Var psi_r[1,11] (value 1.5)>
2  6      <gurobi.Var psi_r[2,6] (value 218.3)>
3  6       <gurobi.Var psi_r[3,6] (value 19.0)>
4  6        <gurobi.Var psi_r[4,6] (value 1.2)>
5  11     <gurobi.Var psi_r[5,11] (value 16.2)>
6  11    <gurobi.Var psi_r[6,11] (value 180.7)>
dtype: object
2    <gurobi.Var phi[2] (value 14.0)>
3    <gurobi.Var phi[3] (value 24.0)>
dtype: object
2  1   14    <gurobi.Var pi_mccormick[2,1,14] (value 0.9920...
   2   14    <gurobi.Var pi_mccormick[2,2,14] (value 0.9920...
   3   14    <gurobi.Var pi_mccormick[2,3,14] (value 0.9920...
   4   14    <gurobi.Var pi_mccormick[2,4,14] (value 0.9920...
   5   14    <gurobi.Var pi_mccormick[2,5,14] (value 0.9920...
                                   ...                        
3  45  24       <gurobi.Var pi_mccormick[3,45,24] (value 1.0)>
   46  24       <gurobi.Var pi_mccormick[3,46,24] (value 1.0)>
   48  24       <gurobi.Var pi_mccormick[3,48,24] (value 1.0)>
   49  24       <gurobi.Var pi_mccormick[3,49,24] (value 1.0)>
   50  24       <gurobi.Var pi_mccormick[3,50,24] (value 1.0)>
Length: 61, dtype: object
1      <gurobi.Var v[1] (value 176.70384899999996)>
2      <gurobi.Var v[2] (value 176.70384899999996)>
3      <gurobi.Var v[3] (value 176.70384899999996)>
4      <gurobi.Var v[4] (value 176.70384899999996)>
5      <gurobi.Var v[5] (value 176.70384899999996)>
6      <gurobi.Var v[6] (value 176.70384899999996)>
7       <gurobi.Var v[7] (value 173.6566549428571)>
8       <gurobi.Var v[8] (value 171.2804905428571)>
9      <gurobi.Var v[9] (value 170.45043054285713)>
10    <gurobi.Var v[10] (value 170.45043054285713)>
11    <gurobi.Var v[11] (value 170.47761014285715)>
12     <gurobi.Var v[12] (value 166.5863653428572)>
13     <gurobi.Var v[13] (value 162.7505413428572)>
14    <gurobi.Var v[14] (value 160.07863094285722)>
15    <gurobi.Var v[15] (value 160.07863094285722)>
16    <gurobi.Var v[16] (value 160.07863094285722)>
17    <gurobi.Var v[17] (value 160.07863094285722)>
18    <gurobi.Var v[18] (value 160.07863094285722)>
19    <gurobi.Var v[19] (value 176.70384899999996)>
20    <gurobi.Var v[20] (value 176.70384899999996)>
21    <gurobi.Var v[21] (value 176.70384899999996)>
22    <gurobi.Var v[22] (value 176.70384899999996)>
23    <gurobi.Var v[23] (value 176.70384899999996)>
24    <gurobi.Var v[24] (value 176.70384899999996)>
25    <gurobi.Var v[25] (value 176.70384899999996)>
26    <gurobi.Var v[26] (value 176.70384899999996)>
27            <gurobi.Var v[27] (value 176.703849)>
28            <gurobi.Var v[28] (value 176.703849)>
29            <gurobi.Var v[29] (value 176.703849)>
30            <gurobi.Var v[30] (value 176.703849)>
31            <gurobi.Var v[31] (value 176.703849)>
32            <gurobi.Var v[32] (value 176.703849)>
33            <gurobi.Var v[33] (value 176.703849)>
dtype: object
